     1.000000    0.001691
     0.982051    0.006222
     0.964103    0.010664
     0.946154    0.015044
     0.928205    0.019380
     0.910256    0.023683
     0.892308    0.027958
     0.874359    0.032205
     0.856410    0.036418
     0.838462    0.040590
     0.820513    0.044711
     0.802564    0.048769
     0.784615    0.052752
     0.766667    0.056646
     0.748718    0.060438
     0.730769    0.064117
     0.712821    0.067670
     0.694872    0.071087
     0.676923    0.074359
     0.658974    0.077478
     0.641026    0.080440
     0.623077    0.083238
     0.605128    0.085871
     0.587179    0.088337
     0.569231    0.090636
     0.551282    0.092770
     0.533333    0.094739
     0.515385    0.096547
     0.497436    0.098196
     0.479487    0.099689
     0.461538    0.101029
     0.443590    0.102217
     0.425641    0.103253
     0.407692    0.104137
     0.389744    0.104865
     0.371795    0.105431
     0.353846    0.105826
     0.335897    0.106039
     0.317949    0.106054
     0.300000    0.105851
     0.298341    0.105820
     0.296682    0.105787
     0.295022    0.105753
     0.293363    0.105716
     0.291704    0.105677
     0.290045    0.105635
     0.288385    0.105592
     0.286726    0.105546
     0.285067    0.105498
     0.283408    0.105448
     0.281749    0.105395
     0.280089    0.105340
     0.278430    0.105283
     0.276771    0.105224
     0.275112    0.105162
     0.273453    0.105097
     0.271793    0.105030
     0.270134    0.104961
     0.268475    0.104889
     0.266816    0.104815
     0.265156    0.104738
     0.263497    0.104658
     0.261838    0.104576
     0.260179    0.104491
     0.258520    0.104404
     0.256860    0.104313
     0.255201    0.104220
     0.253542    0.104125
     0.251883    0.104026
     0.250223    0.103925
     0.248564    0.103820
     0.246905    0.103713
     0.245246    0.103603
     0.243587    0.103490
     0.241927    0.103374
     0.240268    0.103255
     0.238609    0.103132
     0.236950    0.103007
     0.235291    0.102878
     0.233631    0.102747
     0.231972    0.102612
     0.230313    0.102473
     0.228654    0.102332
     0.226994    0.102187
     0.225335    0.102039
     0.223676    0.101887
     0.222017    0.101732
     0.220358    0.101573
     0.218698    0.101411
     0.217039    0.101245
     0.215380    0.101076
     0.213721    0.100903
     0.212061    0.100726
     0.210402    0.100546
     0.208743    0.100361
     0.207084    0.100173
     0.205425    0.099981
     0.203765    0.099785
     0.202106    0.099585
     0.200447    0.099381
     0.198788    0.099173
     0.197128    0.098961
     0.195469    0.098745
     0.193810    0.098524
     0.192151    0.098299
     0.190492    0.098070
     0.188832    0.097836
     0.187173    0.097598
     0.185514    0.097356
     0.183855    0.097109
     0.182196    0.096857
     0.180536    0.096601
     0.178877    0.096340
     0.177218    0.096075
     0.175559    0.095804
     0.173899    0.095529
     0.172240    0.095249
     0.170581    0.094964
     0.168922    0.094673
     0.167263    0.094378
     0.165603    0.094078
     0.163944    0.093772
     0.162285    0.093461
     0.160626    0.093145
     0.158966    0.092823
     0.157307    0.092496
     0.155648    0.092163
     0.153989    0.091825
     0.152330    0.091481
     0.150670    0.091131
     0.149011    0.090776
     0.147352    0.090415
     0.145693    0.090047
     0.144034    0.089674
     0.142374    0.089295
     0.140715    0.088909
     0.139056    0.088517
     0.137397    0.088119
     0.135737    0.087715
     0.134078    0.087304
     0.132419    0.086886
     0.130760    0.086462
     0.129101    0.086031
     0.127441    0.085593
     0.125782    0.085149
     0.124123    0.084697
     0.122464    0.084238
     0.120804    0.083772
     0.119145    0.083299
     0.117486    0.082819
     0.115827    0.082331
     0.114168    0.081835
     0.112508    0.081332
     0.110849    0.080821
     0.109190    0.080302
     0.107531    0.079775
     0.105872    0.079240
     0.104212    0.078697
     0.102553    0.078146
     0.100894    0.077586
     0.099235    0.077017
     0.097575    0.076440
     0.095916    0.075853
     0.094257    0.075258
     0.092598    0.074654
     0.090939    0.074040
     0.089279    0.073417
     0.087620    0.072784
     0.085961    0.072141
     0.084302    0.071488
     0.082642    0.070825
     0.080983    0.070152
     0.079324    0.069468
     0.077665    0.068773
     0.076006    0.068067
     0.074346    0.067350
     0.072687    0.066622
     0.071028    0.065882
     0.069369    0.065130
     0.067709    0.064365
     0.066050    0.063588
     0.064391    0.062798
     0.062732    0.061994
     0.061073    0.061177
     0.059413    0.060346
     0.057754    0.059501
     0.056095    0.058640
     0.054436    0.057765
     0.052777    0.056873
     0.051117    0.055965
     0.049458    0.055040
     0.047799    0.054097
     0.046140    0.053135
     0.044480    0.052155
     0.042821    0.051154
     0.041162    0.050133
     0.039503    0.049089
     0.037844    0.048023
     0.036184    0.046931
     0.034525    0.045814
     0.032866    0.044670
     0.031207    0.043496
     0.029547    0.042290
     0.027888    0.041051
     0.026229    0.039775
     0.024570    0.038460
     0.022911    0.037100
     0.021251    0.035693
     0.019592    0.034232
     0.017933    0.032711
     0.016274    0.031121
     0.014615    0.029452
     0.012955    0.027691
     0.011296    0.025818
     0.009637    0.023810
     0.007978    0.021628
     0.006318    0.019215
     0.004659    0.016471
     0.003000    0.013192
     0.002667    0.012432
     0.002333    0.011625
     0.002000    0.010758
     0.001667    0.009817
     0.001333    0.008777
     0.001000    0.007598
     0.000667    0.006201
     0.000333    0.004383
     0.000000    0.000000
     0.000333    -0.003435
     0.000667    -0.004838
     0.001000    -0.005900
     0.001333    -0.006785
     0.001667    -0.007554
     0.002000    -0.008241
     0.002333    -0.008864
     0.002667    -0.009436
     0.003000    -0.009967
     0.004659    -0.012163
     0.006318    -0.013867
     0.007978    -0.015252
     0.009637    -0.016406
     0.011296    -0.017381
     0.012955    -0.018211
     0.014615    -0.018920
     0.016274    -0.019526
     0.017933    -0.020042
     0.019592    -0.020480
     0.021251    -0.020847
     0.022911    -0.021153
     0.024570    -0.021401
     0.026229    -0.021598
     0.027888    -0.021749
     0.029547    -0.021856
     0.031207    -0.021924
     0.032866    -0.021956
     0.034525    -0.021954
     0.036184    -0.021920
     0.037844    -0.021858
     0.039503    -0.021768
     0.041162    -0.021653
     0.042821    -0.021514
     0.044480    -0.021353
     0.046140    -0.021172
     0.047799    -0.020971
     0.049458    -0.020751
     0.051117    -0.020515
     0.052777    -0.020263
     0.054436    -0.019996
     0.056095    -0.019714
     0.057754    -0.019419
     0.059413    -0.019112
     0.061073    -0.018792
     0.062732    -0.018462
     0.064391    -0.018121
     0.066050    -0.017771
     0.067709    -0.017411
     0.069369    -0.017043
     0.071028    -0.016666
     0.072687    -0.016282
     0.074346    -0.015891
     0.076006    -0.015493
     0.077665    -0.015089
     0.079324    -0.014679
     0.080983    -0.014263
     0.082642    -0.013843
     0.084302    -0.013417
     0.085961    -0.012987
     0.087620    -0.012553
     0.089279    -0.012115
     0.090939    -0.011673
     0.092598    -0.011228
     0.094257    -0.010780
     0.095916    -0.010330
     0.097575    -0.009876
     0.099235    -0.009421
     0.100894    -0.008963
     0.102553    -0.008503
     0.104212    -0.008042
     0.105872    -0.007579
     0.107531    -0.007114
     0.109190    -0.006649
     0.110849    -0.006182
     0.112508    -0.005714
     0.114168    -0.005246
     0.115827    -0.004777
     0.117486    -0.004307
     0.119145    -0.003837
     0.120804    -0.003367
     0.122464    -0.002897
     0.124123    -0.002426
     0.125782    -0.001956
     0.127441    -0.001486
     0.129101    -0.001016
     0.130760    -0.000546
     0.132419    -0.000077
     0.134078    0.000392
     0.135737    0.000860
     0.137397    0.001328
     0.139056    0.001794
     0.140715    0.002260
     0.142374    0.002726
     0.144034    0.003190
     0.145693    0.003653
     0.147352    0.004115
     0.149011    0.004577
     0.150670    0.005037
     0.152330    0.005496
     0.153989    0.005954
     0.155648    0.006411
     0.157307    0.006866
     0.158966    0.007320
     0.160626    0.007773
     0.162285    0.008225
     0.163944    0.008675
     0.165603    0.009124
     0.167263    0.009571
     0.168922    0.010017
     0.170581    0.010461
     0.172240    0.010904
     0.173899    0.011346
     0.175559    0.011786
     0.177218    0.012224
     0.178877    0.012661
     0.180536    0.013096
     0.182196    0.013530
     0.183855    0.013962
     0.185514    0.014393
     0.187173    0.014822
     0.188832    0.015249
     0.190492    0.015675
     0.192151    0.016099
     0.193810    0.016522
     0.195469    0.016943
     0.197128    0.017362
     0.198788    0.017780
     0.200447    0.018196
     0.202106    0.018610
     0.203765    0.019023
     0.205425    0.019434
     0.207084    0.019844
     0.208743    0.020252
     0.210402    0.020658
     0.212061    0.021063
     0.213721    0.021466
     0.215380    0.021867
     0.217039    0.022267
     0.218698    0.022665
     0.220358    0.023062
     0.222017    0.023457
     0.223676    0.023851
     0.225335    0.024242
     0.226994    0.024633
     0.228654    0.025021
     0.230313    0.025408
     0.231972    0.025794
     0.233631    0.026178
     0.235291    0.026560
     0.236950    0.026941
     0.238609    0.027320
     0.240268    0.027698
     0.241927    0.028074
     0.243587    0.028449
     0.245246    0.028822
     0.246905    0.029193
     0.248564    0.029563
     0.250223    0.029932
     0.251883    0.030299
     0.253542    0.030664
     0.255201    0.031028
     0.256860    0.031390
     0.258520    0.031751
     0.260179    0.032111
     0.261838    0.032469
     0.263497    0.032825
     0.265156    0.033180
     0.266816    0.033533
     0.268475    0.033885
     0.270134    0.034236
     0.271793    0.034585
     0.273453    0.034932
     0.275112    0.035278
     0.276771    0.035623
     0.278430    0.035966
     0.280089    0.036307
     0.281749    0.036647
     0.283408    0.036986
     0.285067    0.037323
     0.286726    0.037659
     0.288385    0.037993
     0.290045    0.038326
     0.291704    0.038657
     0.293363    0.038987
     0.295022    0.039315
     0.296682    0.039642
     0.298341    0.039968
     0.300000    0.040292
     0.317949    0.043700
     0.335897    0.046929
     0.353846    0.049970
     0.371795    0.052810
     0.389744    0.055432
     0.407692    0.057818
     0.425641    0.059948
     0.443590    0.061799
     0.461538    0.063350
     0.479487    0.064582
     0.497436    0.065475
     0.515385    0.066015
     0.533333    0.066187
     0.551282    0.065986
     0.569231    0.065407
     0.587179    0.064453
     0.605128    0.063132
     0.623077    0.061458
     0.641026    0.059452
     0.658974    0.057139
     0.676923    0.054551
     0.694872    0.051725
     0.712821    0.048702
     0.730769    0.045526
     0.748718    0.042243
     0.766667    0.038901
     0.784615    0.035545
     0.802564    0.032219
     0.820513    0.028959
     0.838462    0.025795
     0.856410    0.022746
     0.874359    0.019816
     0.892308    0.016992
     0.910256    0.014240
     0.928205    0.011500
     0.946154    0.008682
     0.964103    0.005662
     0.982051    0.002274
     1.000000    -0.001691
