     0.360000    0.001691
     0.353538    0.003303
     0.347077    0.004882
     0.340615    0.006440
     0.334154    0.007981
     0.327692    0.009511
     0.321231    0.011031
     0.314769    0.012540
     0.308308    0.014037
     0.301846    0.015520
     0.295385    0.016984
     0.288923    0.018426
     0.282462    0.019840
     0.276000    0.021222
     0.269538    0.022568
     0.263077    0.023873
     0.256615    0.025133
     0.250154    0.026343
     0.243692    0.027502
     0.237231    0.028605
     0.230769    0.029652
     0.224308    0.030640
     0.217846    0.031569
     0.211385    0.032437
     0.204923    0.033245
     0.198462    0.033994
     0.192000    0.034683
     0.185538    0.035315
     0.179077    0.035889
     0.172615    0.036407
     0.166154    0.036870
     0.159692    0.037278
     0.153231    0.037632
     0.146769    0.037931
     0.140308    0.038173
     0.133846    0.038357
     0.127385    0.038480
     0.120923    0.038538
     0.114462    0.038524
     0.108000    0.038431
     0.107403    0.038418
     0.106805    0.038405
     0.106208    0.038390
     0.105611    0.038375
     0.105013    0.038359
     0.104416    0.038343
     0.103819    0.038325
     0.103221    0.038307
     0.102624    0.038288
     0.102027    0.038268
     0.101429    0.038247
     0.100832    0.038226
     0.100235    0.038203
     0.099638    0.038180
     0.099040    0.038156
     0.098443    0.038131
     0.097846    0.038105
     0.097248    0.038078
     0.096651    0.038051
     0.096054    0.038022
     0.095456    0.037993
     0.094859    0.037962
     0.094262    0.037931
     0.093664    0.037898
     0.093067    0.037865
     0.092470    0.037831
     0.091872    0.037796
     0.091275    0.037759
     0.090678    0.037722
     0.090080    0.037684
     0.089483    0.037644
     0.088886    0.037604
     0.088288    0.037562
     0.087691    0.037520
     0.087094    0.037476
     0.086497    0.037432
     0.085899    0.037386
     0.085302    0.037339
     0.084705    0.037291
     0.084107    0.037242
     0.083510    0.037191
     0.082913    0.037140
     0.082315    0.037087
     0.081718    0.037033
     0.081121    0.036978
     0.080523    0.036921
     0.079926    0.036864
     0.079329    0.036805
     0.078731    0.036745
     0.078134    0.036683
     0.077537    0.036620
     0.076939    0.036556
     0.076342    0.036491
     0.075745    0.036424
     0.075147    0.036356
     0.074550    0.036286
     0.073953    0.036216
     0.073356    0.036143
     0.072758    0.036069
     0.072161    0.035994
     0.071564    0.035917
     0.070966    0.035839
     0.070369    0.035760
     0.069772    0.035678
     0.069174    0.035596
     0.068577    0.035511
     0.067980    0.035425
     0.067382    0.035338
     0.066785    0.035249
     0.066188    0.035158
     0.065590    0.035066
     0.064993    0.034972
     0.064396    0.034876
     0.063798    0.034779
     0.063201    0.034680
     0.062604    0.034579
     0.062006    0.034476
     0.061409    0.034372
     0.060812    0.034265
     0.060215    0.034157
     0.059617    0.034047
     0.059020    0.033935
     0.058423    0.033822
     0.057825    0.033706
     0.057228    0.033588
     0.056631    0.033469
     0.056033    0.033347
     0.055436    0.033224
     0.054839    0.033098
     0.054241    0.032970
     0.053644    0.032841
     0.053047    0.032709
     0.052449    0.032575
     0.051852    0.032438
     0.051255    0.032300
     0.050657    0.032160
     0.050060    0.032017
     0.049463    0.031872
     0.048865    0.031724
     0.048268    0.031574
     0.047671    0.031422
     0.047074    0.031268
     0.046476    0.031111
     0.045879    0.030951
     0.045282    0.030790
     0.044684    0.030625
     0.044087    0.030458
     0.043490    0.030289
     0.042892    0.030117
     0.042295    0.029942
     0.041698    0.029764
     0.041100    0.029584
     0.040503    0.029401
     0.039906    0.029216
     0.039308    0.029027
     0.038711    0.028836
     0.038114    0.028641
     0.037516    0.028444
     0.036919    0.028243
     0.036322    0.028040
     0.035724    0.027834
     0.035127    0.027624
     0.034530    0.027411
     0.033933    0.027195
     0.033335    0.026976
     0.032738    0.026753
     0.032141    0.026527
     0.031543    0.026297
     0.030946    0.026064
     0.030349    0.025827
     0.029751    0.025586
     0.029154    0.025342
     0.028557    0.025094
     0.027959    0.024842
     0.027362    0.024587
     0.026765    0.024327
     0.026167    0.024063
     0.025570    0.023794
     0.024973    0.023522
     0.024375    0.023245
     0.023778    0.022963
     0.023181    0.022677
     0.022583    0.022386
     0.021986    0.022090
     0.021389    0.021789
     0.020792    0.021483
     0.020194    0.021171
     0.019597    0.020854
     0.019000    0.020531
     0.018402    0.020203
     0.017805    0.019868
     0.017208    0.019527
     0.016610    0.019179
     0.016013    0.018824
     0.015416    0.018462
     0.014818    0.018092
     0.014221    0.017715
     0.013624    0.017329
     0.013026    0.016934
     0.012429    0.016531
     0.011832    0.016117
     0.011234    0.015692
     0.010637    0.015257
     0.010040    0.014809
     0.009442    0.014348
     0.008845    0.013872
     0.008248    0.013381
     0.007651    0.012872
     0.007053    0.012345
     0.006456    0.011795
     0.005859    0.011221
     0.005261    0.010619
     0.004664    0.009983
     0.004067    0.009307
     0.003469    0.008582
     0.002872    0.007795
     0.002275    0.006924
     0.001677    0.005935
     0.001080    0.004752
     0.000960    0.004479
     0.000840    0.004188
     0.000720    0.003875
     0.000600    0.003536
     0.000480    0.003161
     0.000360    0.002736
     0.000240    0.002233
     0.000120    0.001578
     0.000000    0.000000
     0.000120    -0.001237
     0.000240    -0.001742
     0.000360    -0.002125
     0.000480    -0.002444
     0.000600    -0.002721
     0.000720    -0.002969
     0.000840    -0.003194
     0.000960    -0.003400
     0.001080    -0.003591
     0.001677    -0.004384
     0.002275    -0.004999
     0.002872    -0.005499
     0.003469    -0.005917
     0.004067    -0.006269
     0.004664    -0.006570
     0.005261    -0.006827
     0.005859    -0.007047
     0.006456    -0.007235
     0.007053    -0.007394
     0.007651    -0.007528
     0.008248    -0.007640
     0.008845    -0.007731
     0.009442    -0.007804
     0.010040    -0.007860
     0.010637    -0.007900
     0.011234    -0.007927
     0.011832    -0.007940
     0.012429    -0.007941
     0.013026    -0.007930
     0.013624    -0.007910
     0.014221    -0.007879
     0.014818    -0.007840
     0.015416    -0.007791
     0.016013    -0.007735
     0.016610    -0.007672
     0.017208    -0.007601
     0.017805    -0.007524
     0.018402    -0.007441
     0.019000    -0.007352
     0.019597    -0.007257
     0.020194    -0.007158
     0.020792    -0.007053
     0.021389    -0.006944
     0.021986    -0.006831
     0.022583    -0.006714
     0.023181    -0.006593
     0.023778    -0.006469
     0.024375    -0.006341
     0.024973    -0.006211
     0.025570    -0.006077
     0.026167    -0.005940
     0.026765    -0.005801
     0.027362    -0.005660
     0.027959    -0.005516
     0.028557    -0.005370
     0.029154    -0.005222
     0.029751    -0.005073
     0.030349    -0.004921
     0.030946    -0.004768
     0.031543    -0.004614
     0.032141    -0.004458
     0.032738    -0.004301
     0.033335    -0.004142
     0.033933    -0.003983
     0.034530    -0.003822
     0.035127    -0.003661
     0.035724    -0.003499
     0.036322    -0.003336
     0.036919    -0.003172
     0.037516    -0.003008
     0.038114    -0.002843
     0.038711    -0.002677
     0.039308    -0.002512
     0.039906    -0.002345
     0.040503    -0.002179
     0.041100    -0.002012
     0.041698    -0.001845
     0.042295    -0.001678
     0.042892    -0.001510
     0.043490    -0.001343
     0.044087    -0.001175
     0.044684    -0.001008
     0.045282    -0.000840
     0.045879    -0.000673
     0.046476    -0.000505
     0.047074    -0.000338
     0.047671    -0.000171
     0.048268    -0.000004
     0.048865    0.000163
     0.049463    0.000329
     0.050060    0.000495
     0.050657    0.000661
     0.051255    0.000827
     0.051852    0.000992
     0.052449    0.001157
     0.053047    0.001322
     0.053644    0.001486
     0.054241    0.001650
     0.054839    0.001814
     0.055436    0.001977
     0.056033    0.002139
     0.056631    0.002302
     0.057228    0.002463
     0.057825    0.002625
     0.058423    0.002785
     0.059020    0.002946
     0.059617    0.003105
     0.060215    0.003265
     0.060812    0.003423
     0.061409    0.003581
     0.062006    0.003739
     0.062604    0.003896
     0.063201    0.004053
     0.063798    0.004209
     0.064396    0.004364
     0.064993    0.004519
     0.065590    0.004674
     0.066188    0.004827
     0.066785    0.004981
     0.067382    0.005133
     0.067980    0.005285
     0.068577    0.005437
     0.069174    0.005588
     0.069772    0.005738
     0.070369    0.005888
     0.070966    0.006037
     0.071564    0.006186
     0.072161    0.006334
     0.072758    0.006481
     0.073356    0.006628
     0.073953    0.006774
     0.074550    0.006920
     0.075147    0.007065
     0.075745    0.007209
     0.076342    0.007353
     0.076939    0.007496
     0.077537    0.007639
     0.078134    0.007781
     0.078731    0.007923
     0.079329    0.008064
     0.079926    0.008204
     0.080523    0.008344
     0.081121    0.008483
     0.081718    0.008622
     0.082315    0.008760
     0.082913    0.008898
     0.083510    0.009035
     0.084107    0.009171
     0.084705    0.009307
     0.085302    0.009442
     0.085899    0.009577
     0.086497    0.009711
     0.087094    0.009845
     0.087691    0.009978
     0.088288    0.010110
     0.088886    0.010242
     0.089483    0.010374
     0.090080    0.010505
     0.090678    0.010635
     0.091275    0.010765
     0.091872    0.010894
     0.092470    0.011023
     0.093067    0.011151
     0.093664    0.011278
     0.094262    0.011405
     0.094859    0.011532
     0.095456    0.011658
     0.096054    0.011783
     0.096651    0.011908
     0.097248    0.012032
     0.097846    0.012156
     0.098443    0.012280
     0.099040    0.012402
     0.099638    0.012525
     0.100235    0.012646
     0.100832    0.012768
     0.101429    0.012888
     0.102027    0.013008
     0.102624    0.013128
     0.103221    0.013247
     0.103819    0.013365
     0.104416    0.013483
     0.105013    0.013601
     0.105611    0.013718
     0.106208    0.013834
     0.106805    0.013950
     0.107403    0.014065
     0.108000    0.014180
     0.114462    0.015388
     0.120923    0.016531
     0.127385    0.017606
     0.133846    0.018609
     0.140308    0.019534
     0.146769    0.020373
     0.153231    0.021120
     0.159692    0.021767
     0.166154    0.022307
     0.172615    0.022731
     0.179077    0.023033
     0.185538    0.023207
     0.192000    0.023250
     0.198462    0.023158
     0.204923    0.022930
     0.211385    0.022567
     0.217846    0.022072
     0.224308    0.021451
     0.230769    0.020709
     0.237231    0.019857
     0.243692    0.018906
     0.250154    0.017869
     0.256615    0.016761
     0.263077    0.015598
     0.269538    0.014397
     0.276000    0.013175
     0.282462    0.011947
     0.288923    0.010730
     0.295385    0.009537
     0.301846    0.008379
     0.308308    0.007262
     0.314769    0.006187
     0.321231    0.005151
     0.327692    0.004141
     0.334154    0.003135
     0.340615    0.002102
     0.347077    0.000995
     0.353538    -0.000244
     0.360000    -0.001691
