     1.000000    0.002339
     0.982051    0.004398
     0.964103    0.006549
     0.946154    0.008770
     0.928205    0.011044
     0.910256    0.013355
     0.892308    0.015687
     0.874359    0.018028
     0.856410    0.020367
     0.838462    0.022693
     0.820513    0.024999
     0.802564    0.027275
     0.784615    0.029517
     0.766667    0.031718
     0.748718    0.033874
     0.730769    0.035979
     0.712821    0.038031
     0.694872    0.040026
     0.676923    0.041961
     0.658974    0.043834
     0.641026    0.045642
     0.623077    0.047383
     0.605128    0.049053
     0.587179    0.050651
     0.569231    0.052174
     0.551282    0.053618
     0.533333    0.054980
     0.515385    0.056256
     0.497436    0.057442
     0.479487    0.058534
     0.461538    0.059526
     0.443590    0.060411
     0.425641    0.061184
     0.407692    0.061837
     0.389744    0.062363
     0.371795    0.062752
     0.353846    0.062996
     0.335897    0.063084
     0.317949    0.063005
     0.300000    0.062748
     0.298341    0.062714
     0.296682    0.062680
     0.295022    0.062643
     0.293363    0.062605
     0.291704    0.062565
     0.290045    0.062523
     0.288385    0.062480
     0.286726    0.062435
     0.285067    0.062388
     0.283408    0.062340
     0.281749    0.062290
     0.280089    0.062238
     0.278430    0.062184
     0.276771    0.062129
     0.275112    0.062071
     0.273453    0.062012
     0.271793    0.061951
     0.270134    0.061889
     0.268475    0.061824
     0.266816    0.061758
     0.265156    0.061690
     0.263497    0.061620
     0.261838    0.061548
     0.260179    0.061474
     0.258520    0.061398
     0.256860    0.061320
     0.255201    0.061241
     0.253542    0.061159
     0.251883    0.061076
     0.250223    0.060990
     0.248564    0.060903
     0.246905    0.060813
     0.245246    0.060722
     0.243587    0.060629
     0.241927    0.060533
     0.240268    0.060436
     0.238609    0.060336
     0.236950    0.060234
     0.235291    0.060131
     0.233631    0.060025
     0.231972    0.059917
     0.230313    0.059807
     0.228654    0.059695
     0.226994    0.059580
     0.225335    0.059464
     0.223676    0.059345
     0.222017    0.059224
     0.220358    0.059101
     0.218698    0.058976
     0.217039    0.058848
     0.215380    0.058719
     0.213721    0.058587
     0.212061    0.058452
     0.210402    0.058316
     0.208743    0.058177
     0.207084    0.058035
     0.205425    0.057892
     0.203765    0.057746
     0.202106    0.057597
     0.200447    0.057447
     0.198788    0.057293
     0.197128    0.057138
     0.195469    0.056980
     0.193810    0.056819
     0.192151    0.056656
     0.190492    0.056491
     0.188832    0.056323
     0.187173    0.056153
     0.185514    0.055980
     0.183855    0.055804
     0.182196    0.055626
     0.180536    0.055445
     0.178877    0.055262
     0.177218    0.055076
     0.175559    0.054887
     0.173899    0.054695
     0.172240    0.054501
     0.170581    0.054305
     0.168922    0.054105
     0.167263    0.053903
     0.165603    0.053698
     0.163944    0.053490
     0.162285    0.053279
     0.160626    0.053066
     0.158966    0.052849
     0.157307    0.052630
     0.155648    0.052408
     0.153989    0.052182
     0.152330    0.051954
     0.150670    0.051723
     0.149011    0.051489
     0.147352    0.051252
     0.145693    0.051012
     0.144034    0.050768
     0.142374    0.050522
     0.140715    0.050272
     0.139056    0.050019
     0.137397    0.049763
     0.135737    0.049504
     0.134078    0.049242
     0.132419    0.048976
     0.130760    0.048707
     0.129101    0.048434
     0.127441    0.048158
     0.125782    0.047879
     0.124123    0.047596
     0.122464    0.047310
     0.120804    0.047020
     0.119145    0.046726
     0.117486    0.046429
     0.115827    0.046128
     0.114168    0.045824
     0.112508    0.045515
     0.110849    0.045203
     0.109190    0.044887
     0.107531    0.044568
     0.105872    0.044244
     0.104212    0.043916
     0.102553    0.043584
     0.100894    0.043248
     0.099235    0.042908
     0.097575    0.042563
     0.095916    0.042215
     0.094257    0.041861
     0.092598    0.041504
     0.090939    0.041142
     0.089279    0.040775
     0.087620    0.040404
     0.085961    0.040027
     0.084302    0.039646
     0.082642    0.039260
     0.080983    0.038869
     0.079324    0.038473
     0.077665    0.038072
     0.076006    0.037665
     0.074346    0.037252
     0.072687    0.036834
     0.071028    0.036411
     0.069369    0.035981
     0.067709    0.035545
     0.066050    0.035103
     0.064391    0.034655
     0.062732    0.034200
     0.061073    0.033738
     0.059413    0.033270
     0.057754    0.032794
     0.056095    0.032310
     0.054436    0.031819
     0.052777    0.031320
     0.051117    0.030813
     0.049458    0.030296
     0.047799    0.029771
     0.046140    0.029237
     0.044480    0.028692
     0.042821    0.028137
     0.041162    0.027572
     0.039503    0.026994
     0.037844    0.026405
     0.036184    0.025803
     0.034525    0.025187
     0.032866    0.024557
     0.031207    0.023911
     0.029547    0.023248
     0.027888    0.022567
     0.026229    0.021867
     0.024570    0.021145
     0.022911    0.020399
     0.021251    0.019628
     0.019592    0.018827
     0.017933    0.017993
     0.016274    0.017122
     0.014615    0.016207
     0.012955    0.015241
     0.011296    0.014214
     0.009637    0.013112
     0.007978    0.011914
     0.006318    0.010589
     0.004659    0.009079
     0.003000    0.007274
     0.002667    0.006856
     0.002333    0.006411
     0.002000    0.005934
     0.001667    0.005415
     0.001333    0.004842
     0.001000    0.004191
     0.000667    0.003421
     0.000333    0.002418
     0.000000    0.000000
     0.000333    -0.002617
     0.000667    -0.003702
     0.001000    -0.004536
     0.001333    -0.005238
     0.001667    -0.005858
     0.002000    -0.006418
     0.002333    -0.006933
     0.002667    -0.007413
     0.003000    -0.007863
     0.004659    -0.009805
     0.006318    -0.011424
     0.007978    -0.012842
     0.009637    -0.014120
     0.011296    -0.015292
     0.012955    -0.016381
     0.014615    -0.017403
     0.016274    -0.018368
     0.017933    -0.019286
     0.019592    -0.020162
     0.021251    -0.021001
     0.022911    -0.021808
     0.024570    -0.022586
     0.026229    -0.023338
     0.027888    -0.024065
     0.029547    -0.024772
     0.031207    -0.025458
     0.032866    -0.026125
     0.034525    -0.026775
     0.036184    -0.027410
     0.037844    -0.028029
     0.039503    -0.028634
     0.041162    -0.029226
     0.042821    -0.029805
     0.044480    -0.030372
     0.046140    -0.030928
     0.047799    -0.031473
     0.049458    -0.032008
     0.051117    -0.032533
     0.052777    -0.033049
     0.054436    -0.033556
     0.056095    -0.034054
     0.057754    -0.034543
     0.059413    -0.035025
     0.061073    -0.035499
     0.062732    -0.035966
     0.064391    -0.036425
     0.066050    -0.036877
     0.067709    -0.037323
     0.069369    -0.037762
     0.071028    -0.038194
     0.072687    -0.038621
     0.074346    -0.039041
     0.076006    -0.039456
     0.077665    -0.039864
     0.079324    -0.040267
     0.080983    -0.040665
     0.082642    -0.041057
     0.084302    -0.041445
     0.085961    -0.041827
     0.087620    -0.042204
     0.089279    -0.042576
     0.090939    -0.042943
     0.092598    -0.043306
     0.094257    -0.043664
     0.095916    -0.044018
     0.097575    -0.044367
     0.099235    -0.044712
     0.100894    -0.045052
     0.102553    -0.045388
     0.104212    -0.045721
     0.105872    -0.046049
     0.107531    -0.046373
     0.109190    -0.046693
     0.110849    -0.047009
     0.112508    -0.047322
     0.114168    -0.047630
     0.115827    -0.047935
     0.117486    -0.048237
     0.119145    -0.048534
     0.120804    -0.048828
     0.122464    -0.049119
     0.124123    -0.049406
     0.125782    -0.049689
     0.127441    -0.049969
     0.129101    -0.050246
     0.130760    -0.050520
     0.132419    -0.050790
     0.134078    -0.051057
     0.135737    -0.051321
     0.137397    -0.051581
     0.139056    -0.051838
     0.140715    -0.052093
     0.142374    -0.052344
     0.144034    -0.052592
     0.145693    -0.052837
     0.147352    -0.053079
     0.149011    -0.053318
     0.150670    -0.053554
     0.152330    -0.053788
     0.153989    -0.054018
     0.155648    -0.054245
     0.157307    -0.054470
     0.158966    -0.054692
     0.160626    -0.054911
     0.162285    -0.055127
     0.163944    -0.055341
     0.165603    -0.055552
     0.167263    -0.055760
     0.168922    -0.055965
     0.170581    -0.056168
     0.172240    -0.056368
     0.173899    -0.056565
     0.175559    -0.056760
     0.177218    -0.056952
     0.178877    -0.057142
     0.180536    -0.057329
     0.182196    -0.057514
     0.183855    -0.057696
     0.185514    -0.057876
     0.187173    -0.058053
     0.188832    -0.058228
     0.190492    -0.058400
     0.192151    -0.058570
     0.193810    -0.058737
     0.195469    -0.058902
     0.197128    -0.059065
     0.198788    -0.059225
     0.200447    -0.059383
     0.202106    -0.059539
     0.203765    -0.059692
     0.205425    -0.059843
     0.207084    -0.059992
     0.208743    -0.060138
     0.210402    -0.060282
     0.212061    -0.060424
     0.213721    -0.060564
     0.215380    -0.060702
     0.217039    -0.060837
     0.218698    -0.060970
     0.220358    -0.061101
     0.222017    -0.061229
     0.223676    -0.061356
     0.225335    -0.061480
     0.226994    -0.061603
     0.228654    -0.061723
     0.230313    -0.061841
     0.231972    -0.061957
     0.233631    -0.062071
     0.235291    -0.062182
     0.236950    -0.062292
     0.238609    -0.062400
     0.240268    -0.062505
     0.241927    -0.062609
     0.243587    -0.062711
     0.245246    -0.062810
     0.246905    -0.062908
     0.248564    -0.063003
     0.250223    -0.063097
     0.251883    -0.063189
     0.253542    -0.063278
     0.255201    -0.063366
     0.256860    -0.063452
     0.258520    -0.063536
     0.260179    -0.063618
     0.261838    -0.063698
     0.263497    -0.063776
     0.265156    -0.063853
     0.266816    -0.063927
     0.268475    -0.064000
     0.270134    -0.064070
     0.271793    -0.064139
     0.273453    -0.064206
     0.275112    -0.064272
     0.276771    -0.064335
     0.278430    -0.064397
     0.280089    -0.064457
     0.281749    -0.064515
     0.283408    -0.064571
     0.285067    -0.064626
     0.286726    -0.064679
     0.288385    -0.064730
     0.290045    -0.064779
     0.291704    -0.064827
     0.293363    -0.064872
     0.295022    -0.064917
     0.296682    -0.064959
     0.298341    -0.065000
     0.300000    -0.065039
     0.317949    -0.065357
     0.335897    -0.065491
     0.353846    -0.065452
     0.371795    -0.065249
     0.389744    -0.064893
     0.407692    -0.064394
     0.425641    -0.063761
     0.443590    -0.063004
     0.461538    -0.062131
     0.479487    -0.061151
     0.497436    -0.060073
     0.515385    -0.058904
     0.533333    -0.057652
     0.551282    -0.056325
     0.569231    -0.054928
     0.587179    -0.053467
     0.605128    -0.051949
     0.623077    -0.050379
     0.641026    -0.048760
     0.658974    -0.047096
     0.676923    -0.045391
     0.694872    -0.043646
     0.712821    -0.041862
     0.730769    -0.040041
     0.748718    -0.038181
     0.766667    -0.036281
     0.784615    -0.034338
     0.802564    -0.032349
     0.820513    -0.030308
     0.838462    -0.028210
     0.856410    -0.026048
     0.874359    -0.023813
     0.892308    -0.021495
     0.910256    -0.019083
     0.928205    -0.016563
     0.946154    -0.013922
     0.964103    -0.011143
     0.982051    -0.008209
     1.000000    -0.005101
