     1.000000    0.000000
     0.982051    0.003423
     0.964103    0.006998
     0.946154    0.010701
     0.928205    0.014510
     0.910256    0.018404
     0.892308    0.022365
     0.874359    0.026373
     0.856410    0.030413
     0.838462    0.034466
     0.820513    0.038518
     0.802564    0.042555
     0.784615    0.046562
     0.766667    0.050525
     0.748718    0.054433
     0.730769    0.058272
     0.712821    0.062031
     0.694872    0.065699
     0.676923    0.069264
     0.658974    0.072716
     0.641026    0.076043
     0.623077    0.079235
     0.605128    0.082283
     0.587179    0.085175
     0.569231    0.087901
     0.551282    0.090451
     0.533333    0.092816
     0.515385    0.094983
     0.497436    0.096944
     0.479487    0.098687
     0.461538    0.100203
     0.443590    0.101479
     0.425641    0.102506
     0.407692    0.103273
     0.389744    0.103767
     0.371795    0.103979
     0.353846    0.103896
     0.335897    0.103507
     0.317949    0.102800
     0.300000    0.101763
     0.298341    0.101650
     0.296682    0.101534
     0.295022    0.101415
     0.293363    0.101294
     0.291704    0.101169
     0.290045    0.101041
     0.288385    0.100911
     0.286726    0.100777
     0.285067    0.100640
     0.283408    0.100500
     0.281749    0.100358
     0.280089    0.100212
     0.278430    0.100063
     0.276771    0.099911
     0.275112    0.099756
     0.273453    0.099598
     0.271793    0.099437
     0.270134    0.099273
     0.268475    0.099106
     0.266816    0.098935
     0.265156    0.098762
     0.263497    0.098585
     0.261838    0.098405
     0.260179    0.098222
     0.258520    0.098036
     0.256860    0.097847
     0.255201    0.097655
     0.253542    0.097459
     0.251883    0.097260
     0.250223    0.097058
     0.248564    0.096852
     0.246905    0.096644
     0.245246    0.096432
     0.243587    0.096217
     0.241927    0.095999
     0.240268    0.095777
     0.238609    0.095552
     0.236950    0.095324
     0.235291    0.095092
     0.233631    0.094857
     0.231972    0.094619
     0.230313    0.094377
     0.228654    0.094132
     0.226994    0.093884
     0.225335    0.093632
     0.223676    0.093377
     0.222017    0.093118
     0.220358    0.092856
     0.218698    0.092591
     0.217039    0.092322
     0.215380    0.092050
     0.213721    0.091774
     0.212061    0.091495
     0.210402    0.091212
     0.208743    0.090926
     0.207084    0.090636
     0.205425    0.090342
     0.203765    0.090045
     0.202106    0.089745
     0.200447    0.089441
     0.198788    0.089133
     0.197128    0.088822
     0.195469    0.088507
     0.193810    0.088189
     0.192151    0.087866
     0.190492    0.087541
     0.188832    0.087211
     0.187173    0.086878
     0.185514    0.086541
     0.183855    0.086200
     0.182196    0.085856
     0.180536    0.085508
     0.178877    0.085156
     0.177218    0.084800
     0.175559    0.084441
     0.173899    0.084077
     0.172240    0.083710
     0.170581    0.083339
     0.168922    0.082964
     0.167263    0.082585
     0.165603    0.082203
     0.163944    0.081816
     0.162285    0.081426
     0.160626    0.081031
     0.158966    0.080632
     0.157307    0.080230
     0.155648    0.079823
     0.153989    0.079413
     0.152330    0.078998
     0.150670    0.078579
     0.149011    0.078156
     0.147352    0.077729
     0.145693    0.077298
     0.144034    0.076862
     0.142374    0.076422
     0.140715    0.075978
     0.139056    0.075530
     0.137397    0.075077
     0.135737    0.074620
     0.134078    0.074159
     0.132419    0.073693
     0.130760    0.073223
     0.129101    0.072749
     0.127441    0.072269
     0.125782    0.071786
     0.124123    0.071297
     0.122464    0.070805
     0.120804    0.070307
     0.119145    0.069805
     0.117486    0.069298
     0.115827    0.068786
     0.114168    0.068269
     0.112508    0.067748
     0.110849    0.067221
     0.109190    0.066690
     0.107531    0.066153
     0.105872    0.065612
     0.104212    0.065065
     0.102553    0.064513
     0.100894    0.063956
     0.099235    0.063393
     0.097575    0.062825
     0.095916    0.062251
     0.094257    0.061672
     0.092598    0.061087
     0.090939    0.060496
     0.089279    0.059900
     0.087620    0.059298
     0.085961    0.058689
     0.084302    0.058074
     0.082642    0.057454
     0.080983    0.056826
     0.079324    0.056193
     0.077665    0.055552
     0.076006    0.054905
     0.074346    0.054251
     0.072687    0.053589
     0.071028    0.052921
     0.069369    0.052245
     0.067709    0.051561
     0.066050    0.050870
     0.064391    0.050170
     0.062732    0.049462
     0.061073    0.048746
     0.059413    0.048021
     0.057754    0.047286
     0.056095    0.046542
     0.054436    0.045789
     0.052777    0.045025
     0.051117    0.044251
     0.049458    0.043465
     0.047799    0.042668
     0.046140    0.041859
     0.044480    0.041038
     0.042821    0.040203
     0.041162    0.039354
     0.039503    0.038491
     0.037844    0.037612
     0.036184    0.036716
     0.034525    0.035803
     0.032866    0.034871
     0.031207    0.033918
     0.029547    0.032944
     0.027888    0.031946
     0.026229    0.030922
     0.024570    0.029870
     0.022911    0.028787
     0.021251    0.027669
     0.019592    0.026512
     0.017933    0.025312
     0.016274    0.024061
     0.014615    0.022751
     0.012955    0.021374
     0.011296    0.019913
     0.009637    0.018350
     0.007978    0.016657
     0.006318    0.014788
     0.004659    0.012668
     0.003000    0.010140
     0.002667    0.009555
     0.002333    0.008934
     0.002000    0.008267
     0.001667    0.007543
     0.001333    0.006743
     0.001000    0.005837
     0.000667    0.004763
     0.000333    0.003366
     0.000000    0.000000
     0.000333    -0.003358
     0.000667    -0.004739
     0.001000    -0.005792
     0.001333    -0.006675
     0.001667    -0.007448
     0.002000    -0.008142
     0.002333    -0.008777
     0.002667    -0.009364
     0.003000    -0.009912
     0.004659    -0.012228
     0.006318    -0.014098
     0.007978    -0.015682
     0.009637    -0.017063
     0.011296    -0.018289
     0.012955    -0.019390
     0.014615    -0.020388
     0.016274    -0.021299
     0.017933    -0.022135
     0.019592    -0.022904
     0.021251    -0.023616
     0.022911    -0.024275
     0.024570    -0.024887
     0.026229    -0.025456
     0.027888    -0.025986
     0.029547    -0.026481
     0.031207    -0.026942
     0.032866    -0.027373
     0.034525    -0.027775
     0.036184    -0.028150
     0.037844    -0.028501
     0.039503    -0.028828
     0.041162    -0.029134
     0.042821    -0.029419
     0.044480    -0.029684
     0.046140    -0.029931
     0.047799    -0.030161
     0.049458    -0.030375
     0.051117    -0.030572
     0.052777    -0.030756
     0.054436    -0.030925
     0.056095    -0.031080
     0.057754    -0.031223
     0.059413    -0.031354
     0.061073    -0.031473
     0.062732    -0.031582
     0.064391    -0.031680
     0.066050    -0.031767
     0.067709    -0.031846
     0.069369    -0.031915
     0.071028    -0.031975
     0.072687    -0.032027
     0.074346    -0.032071
     0.076006    -0.032107
     0.077665    -0.032136
     0.079324    -0.032157
     0.080983    -0.032172
     0.082642    -0.032181
     0.084302    -0.032183
     0.085961    -0.032180
     0.087620    -0.032170
     0.089279    -0.032156
     0.090939    -0.032136
     0.092598    -0.032111
     0.094257    -0.032081
     0.095916    -0.032047
     0.097575    -0.032008
     0.099235    -0.031965
     0.100894    -0.031918
     0.102553    -0.031867
     0.104212    -0.031812
     0.105872    -0.031754
     0.107531    -0.031693
     0.109190    -0.031628
     0.110849    -0.031560
     0.112508    -0.031489
     0.114168    -0.031415
     0.115827    -0.031339
     0.117486    -0.031260
     0.119145    -0.031178
     0.120804    -0.031094
     0.122464    -0.031008
     0.124123    -0.030920
     0.125782    -0.030829
     0.127441    -0.030737
     0.129101    -0.030643
     0.130760    -0.030547
     0.132419    -0.030449
     0.134078    -0.030350
     0.135737    -0.030249
     0.137397    -0.030147
     0.139056    -0.030044
     0.140715    -0.029939
     0.142374    -0.029833
     0.144034    -0.029726
     0.145693    -0.029618
     0.147352    -0.029509
     0.149011    -0.029398
     0.150670    -0.029287
     0.152330    -0.029176
     0.153989    -0.029063
     0.155648    -0.028950
     0.157307    -0.028836
     0.158966    -0.028721
     0.160626    -0.028606
     0.162285    -0.028490
     0.163944    -0.028374
     0.165603    -0.028258
     0.167263    -0.028141
     0.168922    -0.028024
     0.170581    -0.027906
     0.172240    -0.027788
     0.173899    -0.027670
     0.175559    -0.027552
     0.177218    -0.027434
     0.178877    -0.027316
     0.180536    -0.027197
     0.182196    -0.027079
     0.183855    -0.026960
     0.185514    -0.026841
     0.187173    -0.026723
     0.188832    -0.026604
     0.190492    -0.026486
     0.192151    -0.026368
     0.193810    -0.026250
     0.195469    -0.026132
     0.197128    -0.026014
     0.198788    -0.025896
     0.200447    -0.025779
     0.202106    -0.025662
     0.203765    -0.025545
     0.205425    -0.025428
     0.207084    -0.025312
     0.208743    -0.025196
     0.210402    -0.025081
     0.212061    -0.024965
     0.213721    -0.024850
     0.215380    -0.024736
     0.217039    -0.024622
     0.218698    -0.024508
     0.220358    -0.024395
     0.222017    -0.024282
     0.223676    -0.024169
     0.225335    -0.024057
     0.226994    -0.023946
     0.228654    -0.023835
     0.230313    -0.023724
     0.231972    -0.023614
     0.233631    -0.023504
     0.235291    -0.023395
     0.236950    -0.023286
     0.238609    -0.023178
     0.240268    -0.023070
     0.241927    -0.022963
     0.243587    -0.022857
     0.245246    -0.022751
     0.246905    -0.022645
     0.248564    -0.022540
     0.250223    -0.022436
     0.251883    -0.022332
     0.253542    -0.022228
     0.255201    -0.022126
     0.256860    -0.022023
     0.258520    -0.021922
     0.260179    -0.021821
     0.261838    -0.021720
     0.263497    -0.021620
     0.265156    -0.021521
     0.266816    -0.021422
     0.268475    -0.021324
     0.270134    -0.021226
     0.271793    -0.021129
     0.273453    -0.021032
     0.275112    -0.020936
     0.276771    -0.020841
     0.278430    -0.020746
     0.280089    -0.020651
     0.281749    -0.020557
     0.283408    -0.020464
     0.285067    -0.020372
     0.286726    -0.020280
     0.288385    -0.020188
     0.290045    -0.020097
     0.291704    -0.020007
     0.293363    -0.019917
     0.295022    -0.019827
     0.296682    -0.019739
     0.298341    -0.019650
     0.300000    -0.019563
     0.317949    -0.018648
     0.335897    -0.017791
     0.353846    -0.016989
     0.371795    -0.016236
     0.389744    -0.015526
     0.407692    -0.014856
     0.425641    -0.014222
     0.443590    -0.013621
     0.461538    -0.013052
     0.479487    -0.012513
     0.497436    -0.012005
     0.515385    -0.011529
     0.533333    -0.011087
     0.551282    -0.010681
     0.569231    -0.010315
     0.587179    -0.009993
     0.605128    -0.009717
     0.623077    -0.009491
     0.641026    -0.009319
     0.658974    -0.009200
     0.676923    -0.009138
     0.694872    -0.009129
     0.712821    -0.009173
     0.730769    -0.009264
     0.748718    -0.009393
     0.766667    -0.009550
     0.784615    -0.009720
     0.802564    -0.009883
     0.820513    -0.010017
     0.838462    -0.010091
     0.856410    -0.010072
     0.874359    -0.009917
     0.892308    -0.009580
     0.910256    -0.009004
     0.928205    -0.008126
     0.946154    -0.006873
     0.964103    -0.005164
     0.982051    -0.002907
     1.000000    -0.000000
