X	S11	S12	S22	LE11	LE12	LE22
0.0000000000000000	158.1880000000000000	14960.9000000000000000	-249.3120000000000000	0.0000000033278400	0.0000005556900000	-0.0000000042393800
0.0025000000000000	157.2500000000000000	13479.3000000000000000	-246.5510000000000000	0.0000000033028300	0.0000005006600000	-0.0000000041961800
0.0050000000000000	156.7810000000000000	13924.3000000000000000	-245.4090000000000000	0.0000000032910100	0.0000005171880000	-0.0000000041778800
0.0075000000000000	156.0940000000000000	13911.3000000000000000	-244.1230000000000000	0.0000000032760000	0.0000005167060000	-0.0000000041565000
0.0100000000000000	155.3130000000000000	13868.2000000000000000	-243.0130000000000000	0.0000000032609900	0.0000005151030000	-0.0000000041372900
0.0125000000000000	154.5310000000000000	13885.8000000000000000	-241.7500000000000000	0.0000000032441700	0.0000005157590000	-0.0000000041158000
0.0150000000000000	153.7500000000000000	13884.3000000000000000	-240.5220000000000000	0.0000000032268900	0.0000005157030000	-0.0000000040948900
0.0175000000000000	152.9690000000000000	13882.4000000000000000	-239.2890000000000000	0.0000000032105200	0.0000005156330000	-0.0000000040739700
0.0200000000000000	152.1560000000000000	13883.8000000000000000	-238.0470000000000000	0.0000000031946000	0.0000005156820000	-0.0000000040528200
0.0225000000000000	151.3750000000000000	13883.1000000000000000	-236.8340000000000000	0.0000000031777700	0.0000005156590000	-0.0000000040320200
0.0250000000000000	150.5940000000000000	13883.5000000000000000	-235.5960000000000000	0.0000000031609500	0.0000005156720000	-0.0000000040109900
0.0275000000000000	149.7810000000000000	13883.2000000000000000	-234.3890000000000000	0.0000000031450300	0.0000005156630000	-0.0000000039904100
0.0300000000000000	149.0000000000000000	13883.4000000000000000	-233.1610000000000000	0.0000000031282100	0.0000005156710000	-0.0000000039694900
0.0325000000000000	148.2190000000000000	13883.3000000000000000	-231.9580000000000000	0.0000000031113800	0.0000005156640000	-0.0000000039490300
0.0350000000000000	147.4380000000000000	13883.4000000000000000	-230.7420000000000000	0.0000000030950100	0.0000005156700000	-0.0000000039283300
0.0375000000000000	146.6880000000000000	13883.3000000000000000	-229.5420000000000000	0.0000000030786400	0.0000005156660000	-0.0000000039078700
0.0400000000000000	145.9060000000000000	13883.4000000000000000	-228.3360000000000000	0.0000000030627200	0.0000005156700000	-0.0000000038872900
0.0425000000000000	145.1250000000000000	13883.4000000000000000	-227.1420000000000000	0.0000000030468100	0.0000005156670000	-0.0000000038669400
0.0450000000000000	144.3440000000000000	13883.4000000000000000	-225.9460000000000000	0.0000000030299800	0.0000005156690000	-0.0000000038465900
0.0475000000000000	143.5630000000000000	13883.4000000000000000	-224.7580000000000000	0.0000000030136100	0.0000005156680000	-0.0000000038263600
0.0500000000000000	142.8130000000000000	13883.4000000000000000	-223.5710000000000000	0.0000000029981500	0.0000005156700000	-0.0000000038060100
0.0525000000000000	142.0310000000000000	13883.4000000000000000	-222.3910000000000000	0.0000000029822300	0.0000005156690000	-0.0000000037857700
0.0550000000000000	141.2500000000000000	13883.4000000000000000	-221.2130000000000000	0.0000000029663200	0.0000005156690000	-0.0000000037656500
0.0575000000000000	140.5000000000000000	13883.4000000000000000	-220.0400000000000000	0.0000000029504000	0.0000005156690000	-0.0000000037456400
0.0600000000000000	139.7190000000000000	13883.4000000000000000	-218.8720000000000000	0.0000000029340300	0.0000005156700000	-0.0000000037256300
0.0625000000000000	138.9380000000000000	13883.4000000000000000	-217.7080000000000000	0.0000000029181100	0.0000005156690000	-0.0000000037056200
0.0650000000000000	138.1880000000000000	13883.4000000000000000	-216.5480000000000000	0.0000000029026500	0.0000005156700000	-0.0000000036857300
0.0675000000000000	137.4380000000000000	13883.4000000000000000	-215.3930000000000000	0.0000000028862800	0.0000005156710000	-0.0000000036659500
0.0700000000000000	136.6880000000000000	13883.4000000000000000	-214.2430000000000000	0.0000000028699100	0.0000005156690000	-0.0000000036461600
0.0725000000000000	135.9060000000000000	13883.4000000000000000	-213.0980000000000000	0.0000000028549000	0.0000005156700000	-0.0000000036266100
0.0750000000000000	135.1560000000000000	13883.5000000000000000	-211.9570000000000000	0.0000000028394400	0.0000005156710000	-0.0000000036071700
0.0775000000000000	134.4060000000000000	13883.4000000000000000	-210.8210000000000000	0.0000000028226200	0.0000005156700000	-0.0000000035876200
0.0800000000000000	133.5940000000000000	13883.4000000000000000	-209.6910000000000000	0.0000000028071600	0.0000005156700000	-0.0000000035681800
0.0825000000000000	132.8440000000000000	13883.5000000000000000	-208.5650000000000000	0.0000000027921500	0.0000005156720000	-0.0000000035487300
0.0850000000000000	132.1250000000000000	13883.5000000000000000	-207.4450000000000000	0.0000000027757800	0.0000005156720000	-0.0000000035295200
0.0875000000000000	131.3440000000000000	13883.4000000000000000	-206.3300000000000000	0.0000000027603200	0.0000005156710000	-0.0000000035103100
0.0900000000000000	130.5630000000000000	13883.5000000000000000	-205.2200000000000000	0.0000000027448500	0.0000005156710000	-0.0000000034913200
0.0925000000000000	129.8130000000000000	13883.5000000000000000	-204.1160000000000000	0.0000000027289400	0.0000005156720000	-0.0000000034723400
0.0950000000000000	129.0630000000000000	13883.4000000000000000	-203.0170000000000000	0.0000000027130200	0.0000005156710000	-0.0000000034533500
0.0975000000000000	128.2810000000000000	13883.5000000000000000	-201.9230000000000000	0.0000000026975600	0.0000005156720000	-0.0000000034343700
0.1000000000000000	127.5000000000000000	13883.5000000000000000	-200.8360000000000000	0.0000000026825500	0.0000005156730000	-0.0000000034153800
0.1025000000000000	126.7500000000000000	13883.5000000000000000	-199.7540000000000000	0.0000000026666400	0.0000005156710000	-0.0000000033966200
0.1050000000000000	125.9690000000000000	13883.5000000000000000	-198.6790000000000000	0.0000000026507200	0.0000005156720000	-0.0000000033780900
0.1075000000000000	125.1880000000000000	13883.5000000000000000	-197.6090000000000000	0.0000000026357200	0.0000005156730000	-0.0000000033596700
0.1100000000000000	124.4380000000000000	13883.5000000000000000	-196.5450000000000000	0.0000000026207100	0.0000005156720000	-0.0000000033411400
0.1125000000000000	123.6560000000000000	13883.5000000000000000	-195.4880000000000000	0.0000000026047900	0.0000005156720000	-0.0000000033227300
0.1150000000000000	122.8750000000000000	13883.5000000000000000	-194.4360000000000000	0.0000000025884200	0.0000005156730000	-0.0000000033043100
0.1175000000000000	122.1250000000000000	13883.5000000000000000	-193.3920000000000000	0.0000000025734200	0.0000005156750000	-0.0000000032861200
0.1200000000000000	121.3440000000000000	13883.5000000000000000	-192.3530000000000000	0.0000000025584100	0.0000005156750000	-0.0000000032680400
0.1225000000000000	120.5630000000000000	13883.5000000000000000	-191.3210000000000000	0.0000000025424900	0.0000005156720000	-0.0000000032499700
0.1250000000000000	119.8130000000000000	13883.5000000000000000	-190.2960000000000000	0.0000000025270300	0.0000005156720000	-0.0000000032320000
0.1275000000000000	119.0310000000000000	13883.5000000000000000	-189.2780000000000000	0.0000000025120200	0.0000005156730000	-0.0000000032141500
0.1300000000000000	118.2500000000000000	13883.5000000000000000	-188.2660000000000000	0.0000000024965600	0.0000005156740000	-0.0000000031963100
0.1325000000000000	117.5000000000000000	13883.6000000000000000	-187.2610000000000000	0.0000000024806500	0.0000005156750000	-0.0000000031785700
0.1350000000000000	116.7190000000000000	13883.6000000000000000	-186.2640000000000000	0.0000000024651900	0.0000005156760000	-0.0000000031610600
0.1375000000000000	115.9060000000000000	13883.5000000000000000	-185.2730000000000000	0.0000000024501800	0.0000005156730000	-0.0000000031435500
0.1400000000000000	115.1250000000000000	13883.5000000000000000	-184.2900000000000000	0.0000000024351700	0.0000005156730000	-0.0000000031261600
0.1425000000000000	114.3440000000000000	13883.5000000000000000	-183.3140000000000000	0.0000000024197100	0.0000005156740000	-0.0000000031087700
0.1450000000000000	113.5630000000000000	13883.5000000000000000	-182.3450000000000000	0.0000000024037900	0.0000005156750000	-0.0000000030914900
0.1475000000000000	112.7500000000000000	13883.6000000000000000	-181.3840000000000000	0.0000000023878800	0.0000005156760000	-0.0000000030743200
0.1500000000000000	111.9380000000000000	13883.6000000000000000	-180.4310000000000000	0.0000000023724200	0.0000005156760000	-0.0000000030572700
0.1525000000000000	111.1560000000000000	13883.5000000000000000	-179.4850000000000000	0.0000000023574100	0.0000005156730000	-0.0000000030404400
0.1550000000000000	110.3440000000000000	13883.5000000000000000	-178.5470000000000000	0.0000000023419500	0.0000005156730000	-0.0000000030236200
0.1575000000000000	109.5630000000000000	13883.6000000000000000	-177.6160000000000000	0.0000000023260300	0.0000005156750000	-0.0000000030069000
0.1600000000000000	108.7500000000000000	13883.6000000000000000	-176.6940000000000000	0.0000000023105700	0.0000005156750000	-0.0000000029901900
0.1625000000000000	107.9380000000000000	13883.6000000000000000	-175.7800000000000000	0.0000000022951100	0.0000005156770000	-0.0000000029737100
0.1650000000000000	107.1560000000000000	13883.6000000000000000	-174.8740000000000000	0.0000000022805600	0.0000005156770000	-0.0000000029573400
0.1675000000000000	106.3440000000000000	13883.5000000000000000	-173.9760000000000000	0.0000000022655500	0.0000005156740000	-0.0000000029409600
0.1700000000000000	105.5000000000000000	13883.5000000000000000	-173.0870000000000000	0.0000000022496300	0.0000005156740000	-0.0000000029249300
0.1725000000000000	104.6880000000000000	13883.6000000000000000	-172.2050000000000000	0.0000000022337200	0.0000005156760000	-0.0000000029089100
0.1750000000000000	103.8750000000000000	13883.6000000000000000	-171.3330000000000000	0.0000000022173500	0.0000005156760000	-0.0000000028928800
0.1775000000000000	103.0000000000000000	13883.6000000000000000	-170.4690000000000000	0.0000000022014300	0.0000005156760000	-0.0000000028768500
0.1800000000000000	102.1880000000000000	13883.6000000000000000	-169.6130000000000000	0.0000000021864300	0.0000005156780000	-0.0000000028610400
0.1825000000000000	101.3750000000000000	13883.6000000000000000	-168.7670000000000000	0.0000000021718700	0.0000005156780000	-0.0000000028454700
0.1850000000000000	100.5310000000000000	13883.6000000000000000	-167.9290000000000000	0.0000000021564100	0.0000005156750000	-0.0000000028298900
0.1875000000000000	99.6875000000000000	13883.6000000000000000	-167.1000000000000000	0.0000000021405000	0.0000005156750000	-0.0000000028145500
0.1900000000000000	98.8438000000000000	13883.6000000000000000	-166.2800000000000000	0.0000000021250300	0.0000005156760000	-0.0000000027990800
0.1925000000000000	98.0000000000000000	13883.6000000000000000	-165.4700000000000000	0.0000000021091200	0.0000005156770000	-0.0000000027837400
0.1950000000000000	97.1563000000000000	13883.6000000000000000	-164.6680000000000000	0.0000000020932000	0.0000005156780000	-0.0000000027687300
0.1975000000000000	96.3125000000000000	13883.6000000000000000	-163.8760000000000000	0.0000000020777400	0.0000005156780000	-0.0000000027537200
0.2000000000000000	95.4375000000000000	13883.6000000000000000	-163.0930000000000000	0.0000000020627300	0.0000005156760000	-0.0000000027388300
0.2025000000000000	94.5625000000000000	13883.6000000000000000	-162.3190000000000000	0.0000000020472700	0.0000005156750000	-0.0000000027240500
0.2050000000000000	93.6875000000000000	13883.6000000000000000	-161.5550000000000000	0.0000000020309000	0.0000005156770000	-0.0000000027095000
0.2075000000000000	92.8125000000000000	13883.6000000000000000	-160.8000000000000000	0.0000000020154400	0.0000005156770000	-0.0000000026949500
0.2100000000000000	91.9375000000000000	13883.7000000000000000	-160.0550000000000000	0.0000000019995200	0.0000005156790000	-0.0000000026805100
0.2125000000000000	91.0313000000000000	13883.7000000000000000	-159.3200000000000000	0.0000000019831500	0.0000005156790000	-0.0000000026664100
0.2150000000000000	90.1563000000000000	13883.6000000000000000	-158.5950000000000000	0.0000000019672400	0.0000005156760000	-0.0000000026520900
0.2175000000000000	89.3125000000000000	13883.6000000000000000	-157.8790000000000000	0.0000000019513200	0.0000005156760000	-0.0000000026379900
0.2200000000000000	88.4063000000000000	13883.6000000000000000	-157.1730000000000000	0.0000000019358600	0.0000005156770000	-0.0000000026242300
0.2225000000000000	87.4688000000000000	13883.6000000000000000	-156.4780000000000000	0.0000000019208500	0.0000005156780000	-0.0000000026103600
0.2250000000000000	86.5625000000000000	13883.7000000000000000	-155.7920000000000000	0.0000000019053900	0.0000005156790000	-0.0000000025967200
0.2275000000000000	85.6563000000000000	13883.7000000000000000	-155.1170000000000000	0.0000000018894800	0.0000005156790000	-0.0000000025830800
0.2300000000000000	84.7500000000000000	13883.6000000000000000	-154.4510000000000000	0.0000000018735600	0.0000005156770000	-0.0000000025695500
0.2325000000000000	83.8438000000000000	13883.6000000000000000	-153.7960000000000000	0.0000000018567300	0.0000005156770000	-0.0000000025563600
0.2350000000000000	82.9063000000000000	13883.6000000000000000	-153.1520000000000000	0.0000000018403600	0.0000005156780000	-0.0000000025431700
0.2375000000000000	81.9688000000000000	13883.6000000000000000	-152.5170000000000000	0.0000000018244500	0.0000005156780000	-0.0000000025302100
0.2400000000000000	81.0625000000000000	13883.6000000000000000	-151.8930000000000000	0.0000000018085300	0.0000005156780000	-0.0000000025171400
0.2425000000000000	80.1250000000000000	13883.6000000000000000	-151.2800000000000000	0.0000000017926100	0.0000005156780000	-0.0000000025041800
0.2450000000000000	79.1563000000000000	13883.6000000000000000	-150.6770000000000000	0.0000000017762400	0.0000005156780000	-0.0000000024917900
0.2475000000000000	78.1875000000000000	13883.7000000000000000	-150.0850000000000000	0.0000000017598700	0.0000005156790000	-0.0000000024792800
0.2500000000000000	77.2188000000000000	13883.7000000000000000	-149.5030000000000000	0.0000000017435000	0.0000005156810000	-0.0000000024667800
0.2525000000000000	76.2813000000000000	13883.7000000000000000	-148.9320000000000000	0.0000000017271300	0.0000005156810000	-0.0000000024543900
0.2550000000000000	75.3125000000000000	13883.6000000000000000	-148.3720000000000000	0.0000000017107600	0.0000005156760000	-0.0000000024421100
0.2575000000000000	74.3125000000000000	13883.6000000000000000	-147.8230000000000000	0.0000000016943900	0.0000005156760000	-0.0000000024302800
0.2600000000000000	73.3125000000000000	13883.7000000000000000	-147.2850000000000000	0.0000000016784700	0.0000005156790000	-0.0000000024184600
0.2625000000000000	72.3438000000000000	13883.7000000000000000	-146.7570000000000000	0.0000000016625600	0.0000005156790000	-0.0000000024066400
0.2650000000000000	71.3750000000000000	13883.7000000000000000	-146.2410000000000000	0.0000000016466400	0.0000005156790000	-0.0000000023951500
0.2675000000000000	70.3750000000000000	13883.7000000000000000	-145.7350000000000000	0.0000000016307200	0.0000005156790000	-0.0000000023836700
0.2700000000000000	69.3750000000000000	13883.7000000000000000	-145.2410000000000000	0.0000000016143500	0.0000005156790000	-0.0000000023721900
0.2725000000000000	68.3750000000000000	13883.7000000000000000	-144.7580000000000000	0.0000000015975300	0.0000005156790000	-0.0000000023609300
0.2750000000000000	67.3438000000000000	13883.7000000000000000	-144.2860000000000000	0.0000000015807000	0.0000005156790000	-0.0000000023497900
0.2775000000000000	66.3125000000000000	13883.7000000000000000	-143.8250000000000000	0.0000000015643300	0.0000005156790000	-0.0000000023388800
0.2800000000000000	65.2813000000000000	13883.7000000000000000	-143.3750000000000000	0.0000000015479600	0.0000005156820000	-0.0000000023279700
0.2825000000000000	64.2500000000000000	13883.7000000000000000	-142.9360000000000000	0.0000000015311300	0.0000005156820000	-0.0000000023172800
0.2850000000000000	63.2188000000000000	13883.6000000000000000	-142.5090000000000000	0.0000000015143100	0.0000005156770000	-0.0000000023069300
0.2875000000000000	62.1563000000000000	13883.6000000000000000	-142.0930000000000000	0.0000000014979400	0.0000005156770000	-0.0000000022963600
0.2900000000000000	61.0938000000000000	13883.7000000000000000	-141.6890000000000000	0.0000000014811100	0.0000005156790000	-0.0000000022860100
0.2925000000000000	60.0313000000000000	13883.7000000000000000	-141.2950000000000000	0.0000000014638300	0.0000005156790000	-0.0000000022760100
0.2950000000000000	59.0000000000000000	13883.7000000000000000	-140.9130000000000000	0.0000000014470100	0.0000005156790000	-0.0000000022660100
0.2975000000000000	57.9375000000000000	13883.7000000000000000	-140.5430000000000000	0.0000000014301800	0.0000005156790000	-0.0000000022561200
0.3000000000000000	56.8438000000000000	13883.7000000000000000	-140.1840000000000000	0.0000000014133500	0.0000005156790000	-0.0000000022463400
0.3025000000000000	55.7500000000000000	13883.7000000000000000	-139.8370000000000000	0.0000000013965300	0.0000005156790000	-0.0000000022366700
0.3050000000000000	54.6563000000000000	13883.7000000000000000	-139.5010000000000000	0.0000000013797000	0.0000005156790000	-0.0000000022272400
0.3075000000000000	53.5625000000000000	13883.7000000000000000	-139.1760000000000000	0.0000000013628800	0.0000005156790000	-0.0000000022179200
0.3100000000000000	52.4688000000000000	13883.7000000000000000	-138.8630000000000000	0.0000000013456000	0.0000005156800000	-0.0000000022087100
0.3125000000000000	51.3750000000000000	13883.7000000000000000	-138.5620000000000000	0.0000000013278600	0.0000005156820000	-0.0000000021996100
0.3150000000000000	50.2500000000000000	13883.7000000000000000	-138.2720000000000000	0.0000000013101300	0.0000005156820000	-0.0000000021905200
0.3175000000000000	49.1250000000000000	13883.6000000000000000	-137.9940000000000000	0.0000000012933000	0.0000005156770000	-0.0000000021817600
0.3200000000000000	48.0000000000000000	13883.6000000000000000	-137.7270000000000000	0.0000000012762500	0.0000005156770000	-0.0000000021733500
0.3225000000000000	46.8750000000000000	13883.7000000000000000	-137.4720000000000000	0.0000000012589700	0.0000005156790000	-0.0000000021648200
0.3250000000000000	45.7500000000000000	13883.7000000000000000	-137.2280000000000000	0.0000000012414600	0.0000005156800000	-0.0000000021564100
0.3275000000000000	44.5938000000000000	13883.7000000000000000	-136.9970000000000000	0.0000000012239500	0.0000005156790000	-0.0000000021483400
0.3300000000000000	43.4219000000000000	13883.7000000000000000	-136.7760000000000000	0.0000000012066700	0.0000005156800000	-0.0000000021401500
0.3325000000000000	42.2656000000000000	13883.7000000000000000	-136.5680000000000000	0.0000000011889400	0.0000005156800000	-0.0000000021320800
0.3350000000000000	41.1094000000000000	13883.7000000000000000	-136.3710000000000000	0.0000000011716600	0.0000005156800000	-0.0000000021244700
0.3375000000000000	39.9375000000000000	13883.7000000000000000	-136.1850000000000000	0.0000000011543800	0.0000005156800000	-0.0000000021167400
0.3400000000000000	38.7500000000000000	13883.7000000000000000	-136.0120000000000000	0.0000000011368700	0.0000005156800000	-0.0000000021090000
0.3425000000000000	37.5625000000000000	13883.7000000000000000	-135.8500000000000000	0.0000000011193600	0.0000005156820000	-0.0000000021017300
0.3450000000000000	36.3750000000000000	13883.7000000000000000	-135.6990000000000000	0.0000000011014000	0.0000005156820000	-0.0000000020944500
0.3475000000000000	35.1719000000000000	13883.6000000000000000	-135.5600000000000000	0.0000000010834400	0.0000005156770000	-0.0000000020872900
0.3500000000000000	33.9688000000000000	13883.6000000000000000	-135.4320000000000000	0.0000000010659300	0.0000005156770000	-0.0000000020804700
0.3525000000000000	32.7813000000000000	13883.7000000000000000	-135.3170000000000000	0.0000000010484200	0.0000005156790000	-0.0000000020734200
0.3550000000000000	31.5781000000000000	13883.7000000000000000	-135.2120000000000000	0.0000000010306800	0.0000005156800000	-0.0000000020667100
0.3575000000000000	30.3438000000000000	13883.7000000000000000	-135.1200000000000000	0.0000000010125000	0.0000005156800000	-0.0000000020604600
0.3600000000000000	29.1094000000000000	13883.7000000000000000	-135.0390000000000000	0.0000000009943050	0.0000005156800000	-0.0000000020538700
0.3625000000000000	27.8750000000000000	13883.7000000000000000	-134.9690000000000000	0.0000000009765700	0.0000005156790000	-0.0000000020475000
0.3650000000000000	26.6250000000000000	13883.7000000000000000	-134.9110000000000000	0.0000000009588350	0.0000005156790000	-0.0000000020414700
0.3675000000000000	25.3750000000000000	13883.7000000000000000	-134.8640000000000000	0.0000000009408720	0.0000005156790000	-0.0000000020354500
0.3700000000000000	24.1250000000000000	13883.7000000000000000	-134.8290000000000000	0.0000000009224550	0.0000005156790000	-0.0000000020294200
0.3725000000000000	22.8594000000000000	13883.7000000000000000	-134.8050000000000000	0.0000000009042650	0.0000005156800000	-0.0000000020236300
0.3750000000000000	21.5938000000000000	13883.7000000000000000	-134.7930000000000000	0.0000000008863030	0.0000005156820000	-0.0000000020181700
0.3775000000000000	20.3281000000000000	13883.7000000000000000	-134.7920000000000000	0.0000000008681130	0.0000005156810000	-0.0000000020126000
0.3800000000000000	19.0469000000000000	13883.6000000000000000	-134.8020000000000000	0.0000000008496950	0.0000005156770000	-0.0000000020072500
0.3825000000000000	17.7656000000000000	13883.6000000000000000	-134.8240000000000000	0.0000000008315060	0.0000005156770000	-0.0000000020023700
0.3850000000000000	16.4688000000000000	13883.7000000000000000	-134.8570000000000000	0.0000000008133160	0.0000005156790000	-0.0000000019972500
0.3875000000000000	15.1563000000000000	13883.7000000000000000	-134.9010000000000000	0.0000000007946710	0.0000005156790000	-0.0000000019921300
0.3900000000000000	13.8594000000000000	13883.7000000000000000	-134.9570000000000000	0.0000000007762540	0.0000005156790000	-0.0000000019874700
0.3925000000000000	12.5625000000000000	13883.7000000000000000	-135.0230000000000000	0.0000000007580640	0.0000005156790000	-0.0000000019827000
0.3950000000000000	11.2500000000000000	13883.7000000000000000	-135.1010000000000000	0.0000000007394190	0.0000005156790000	-0.0000000019780400
0.3975000000000000	9.9375000000000000	13883.7000000000000000	-135.1900000000000000	0.0000000007207750	0.0000005156790000	-0.0000000019738300
0.4000000000000000	8.5937500000000000	13883.7000000000000000	-135.2900000000000000	0.0000000007025850	0.0000005156790000	-0.0000000019695100
0.4025000000000000	7.2343800000000000	13883.7000000000000000	-135.4010000000000000	0.0000000006841670	0.0000005156790000	-0.0000000019653000
0.4050000000000000	5.9062500000000000	13883.7000000000000000	-135.5230000000000000	0.0000000006652950	0.0000005156810000	-0.0000000019614400
0.4075000000000000	4.5625000000000000	13883.7000000000000000	-135.6560000000000000	0.0000000006466510	0.0000005156810000	-0.0000000019576900
0.4100000000000000	3.2187500000000000	13883.6000000000000000	-135.8000000000000000	0.0000000006280060	0.0000005156770000	-0.0000000019538200
0.4125000000000000	1.8750000000000000	13883.6000000000000000	-135.9540000000000000	0.0000000006091340	0.0000005156760000	-0.0000000019501800
0.4150000000000000	0.5156250000000000	13883.6000000000000000	-136.1200000000000000	0.0000000005904890	0.0000005156780000	-0.0000000019468900
0.4175000000000000	-0.8437500000000000	13883.7000000000000000	-136.2960000000000000	0.0000000005716170	0.0000005156790000	-0.0000000019433600
0.4200000000000000	-2.2187500000000000	13883.7000000000000000	-136.4820000000000000	0.0000000005527450	0.0000005156780000	-0.0000000019400700
0.4225000000000000	-3.6093800000000000	13883.7000000000000000	-136.6800000000000000	0.0000000005343280	0.0000005156780000	-0.0000000019371100
0.4250000000000000	-5.0000000000000000	13883.6000000000000000	-136.8880000000000000	0.0000000005156830	0.0000005156780000	-0.0000000019341500
0.4275000000000000	-6.3906300000000000	13883.6000000000000000	-137.1070000000000000	0.0000000004965840	0.0000005156780000	-0.0000000019312000
0.4300000000000000	-7.7812500000000000	13883.6000000000000000	-137.3360000000000000	0.0000000004772570	0.0000005156780000	-0.0000000019285300
0.4325000000000000	-9.1718800000000000	13883.6000000000000000	-137.5750000000000000	0.0000000004581580	0.0000005156780000	-0.0000000019260300
0.4350000000000000	-10.5781000000000000	13883.6000000000000000	-137.8250000000000000	0.0000000004395130	0.0000005156780000	-0.0000000019236400
0.4375000000000000	-11.9844000000000000	13883.7000000000000000	-138.0850000000000000	0.0000000004206410	0.0000005156800000	-0.0000000019213100
0.4400000000000000	-13.3906000000000000	13883.7000000000000000	-138.3550000000000000	0.0000000004015420	0.0000005156800000	-0.0000000019190300
0.4425000000000000	-14.8125000000000000	13883.6000000000000000	-138.6350000000000000	0.0000000003824430	0.0000005156760000	-0.0000000019169900
0.4450000000000000	-16.2344000000000000	13883.6000000000000000	-138.9260000000000000	0.0000000003633430	0.0000005156760000	-0.0000000019150000
0.4475000000000000	-17.6719000000000000	13883.6000000000000000	-139.2270000000000000	0.0000000003440160	0.0000005156780000	-0.0000000019131800
0.4500000000000000	-19.1094000000000000	13883.6000000000000000	-139.5370000000000000	0.0000000003249170	0.0000005156780000	-0.0000000019114700
0.4525000000000000	-20.5313000000000000	13883.6000000000000000	-139.8570000000000000	0.0000000003058180	0.0000005156770000	-0.0000000019099400
0.4550000000000000	-21.9844000000000000	13883.6000000000000000	-140.1870000000000000	0.0000000002864910	0.0000005156770000	-0.0000000019084600
0.4575000000000000	-23.4375000000000000	13883.6000000000000000	-140.5270000000000000	0.0000000002671640	0.0000005156770000	-0.0000000019070400
0.4600000000000000	-24.8906000000000000	13883.6000000000000000	-140.8760000000000000	0.0000000002480650	0.0000005156770000	-0.0000000019057900
0.4625000000000000	-26.3438000000000000	13883.6000000000000000	-141.2350000000000000	0.0000000002289650	0.0000005156770000	-0.0000000019047700
0.4650000000000000	-27.8125000000000000	13883.6000000000000000	-141.6030000000000000	0.0000000002096390	0.0000005156770000	-0.0000000019038000
0.4675000000000000	-29.2813000000000000	13883.7000000000000000	-141.9810000000000000	0.0000000001900840	0.0000005156790000	-0.0000000019028900
0.4700000000000000	-30.7344000000000000	13883.7000000000000000	-142.3680000000000000	0.0000000001707580	0.0000005156790000	-0.0000000019021500
0.4725000000000000	-32.2031000000000000	13883.6000000000000000	-142.7640000000000000	0.0000000001514310	0.0000005156750000	-0.0000000019014700
0.4750000000000000	-33.6875000000000000	13883.6000000000000000	-143.1700000000000000	0.0000000001321040	0.0000005156750000	-0.0000000019009600
0.4775000000000000	-35.1719000000000000	13883.6000000000000000	-143.5840000000000000	0.0000000001130050	0.0000005156760000	-0.0000000019005000
0.4800000000000000	-36.6406000000000000	13883.6000000000000000	-144.0080000000000000	0.0000000000936780	0.0000005156770000	-0.0000000019001600
0.4825000000000000	-38.1250000000000000	13883.6000000000000000	-144.4400000000000000	0.0000000000743512	0.0000005156770000	-0.0000000018999300
0.4850000000000000	-39.6250000000000000	13883.6000000000000000	-144.8820000000000000	0.0000000000550244	0.0000005156760000	-0.0000000018998800
0.4875000000000000	-41.1250000000000000	13883.6000000000000000	-145.3320000000000000	0.0000000000356977	0.0000005156760000	-0.0000000018998800
0.4900000000000000	-42.6250000000000000	13883.6000000000000000	-145.7900000000000000	0.0000000000159162	0.0000005156760000	-0.0000000018999900
0.4925000000000000	-44.1250000000000000	13883.6000000000000000	-146.2570000000000000	-0.0000000000036380	0.0000005156760000	-0.0000000019002200
0.4950000000000000	-45.6250000000000000	13883.6000000000000000	-146.7330000000000000	-0.0000000000231921	0.0000005156760000	-0.0000000019005600
0.4975000000000000	-47.1406000000000000	13883.6000000000000000	-147.2170000000000000	-0.0000000000425189	0.0000005156760000	-0.0000000019010700
0.5000000000000000	-48.6719000000000000	13883.6000000000000000	-147.7090000000000000	-0.0000000000616183	0.0000005156760000	-0.0000000019016400
0.5025000000000000	-50.1719000000000000	13883.6000000000000000	-148.2100000000000000	-0.0000000000816272	0.0000005156760000	-0.0000000019022600
0.5050000000000000	-51.6719000000000000	13883.6000000000000000	-148.7180000000000000	-0.0000000001011810	0.0000005156760000	-0.0000000019030000
0.5075000000000000	-53.1875000000000000	13883.6000000000000000	-149.2350000000000000	-0.0000000001202810	0.0000005156750000	-0.0000000019038600
0.5100000000000000	-54.7188000000000000	13883.6000000000000000	-149.7590000000000000	-0.0000000001396070	0.0000005156750000	-0.0000000019048200
0.5125000000000000	-56.2500000000000000	13883.6000000000000000	-150.2910000000000000	-0.0000000001589340	0.0000005156750000	-0.0000000019059000
0.5150000000000000	-57.7656000000000000	13883.7000000000000000	-150.8300000000000000	-0.0000000001789430	0.0000005156790000	-0.0000000019070400
0.5175000000000000	-59.2969000000000000	13883.6000000000000000	-151.3780000000000000	-0.0000000001984970	0.0000005156780000	-0.0000000019082900
0.5200000000000000	-60.8281000000000000	13883.5000000000000000	-151.9330000000000000	-0.0000000002178240	0.0000005156720000	-0.0000000019096500
0.5225000000000000	-62.3750000000000000	13883.5000000000000000	-152.4940000000000000	-0.0000000002376050	0.0000005156710000	-0.0000000019111300
0.5250000000000000	-63.9219000000000000	13883.5000000000000000	-153.0640000000000000	-0.0000000002569320	0.0000005156740000	-0.0000000019127200
0.5275000000000000	-65.4531000000000000	13883.5000000000000000	-153.6410000000000000	-0.0000000002762590	0.0000005156750000	-0.0000000019144300
0.5300000000000000	-67.0000000000000000	13883.5000000000000000	-154.2240000000000000	-0.0000000002958130	0.0000005156740000	-0.0000000019161300
0.5325000000000000	-68.5313000000000000	13883.5000000000000000	-154.8140000000000000	-0.0000000003155950	0.0000005156740000	-0.0000000019180100
0.5350000000000000	-70.0625000000000000	13883.5000000000000000	-155.4120000000000000	-0.0000000003349210	0.0000005156740000	-0.0000000019199400
0.5375000000000000	-71.6250000000000000	13883.5000000000000000	-156.0160000000000000	-0.0000000003542480	0.0000005156740000	-0.0000000019219300
0.5400000000000000	-73.1719000000000000	13883.5000000000000000	-156.6270000000000000	-0.0000000003740300	0.0000005156740000	-0.0000000019240400
0.5425000000000000	-74.7031000000000000	13883.5000000000000000	-157.2430000000000000	-0.0000000003933560	0.0000005156740000	-0.0000000019262000
0.5450000000000000	-76.2500000000000000	13883.5000000000000000	-157.8670000000000000	-0.0000000004126830	0.0000005156740000	-0.0000000019284100
0.5475000000000000	-77.8125000000000000	13883.5000000000000000	-158.4970000000000000	-0.0000000004322370	0.0000005156740000	-0.0000000019307400
0.5500000000000000	-79.3750000000000000	13883.5000000000000000	-159.1330000000000000	-0.0000000004517920	0.0000005156730000	-0.0000000019331900
0.5525000000000000	-80.9219000000000000	13883.5000000000000000	-159.7750000000000000	-0.0000000004711180	0.0000005156730000	-0.0000000019356900
0.5550000000000000	-82.4688000000000000	13883.5000000000000000	-160.4230000000000000	-0.0000000004902180	0.0000005156730000	-0.0000000019383000
0.5575000000000000	-84.0313000000000000	13883.5000000000000000	-161.0760000000000000	-0.0000000005097720	0.0000005156730000	-0.0000000019409800
0.5600000000000000	-85.5781000000000000	13883.5000000000000000	-161.7360000000000000	-0.0000000005293260	0.0000005156730000	-0.0000000019437600
0.5625000000000000	-87.1250000000000000	13883.5000000000000000	-162.4010000000000000	-0.0000000005488800	0.0000005156730000	-0.0000000019466000
0.5650000000000000	-88.6875000000000000	13883.5000000000000000	-163.0720000000000000	-0.0000000005682070	0.0000005156730000	-0.0000000019495600
0.5675000000000000	-90.2344000000000000	13883.5000000000000000	-163.7480000000000000	-0.0000000005870790	0.0000005156730000	-0.0000000019525100
0.5700000000000000	-91.7813000000000000	13883.5000000000000000	-164.4290000000000000	-0.0000000006066330	0.0000005156720000	-0.0000000019555800
0.5725000000000000	-93.3281000000000000	13883.5000000000000000	-165.1150000000000000	-0.0000000006261870	0.0000005156720000	-0.0000000019588200
0.5750000000000000	-94.8750000000000000	13883.5000000000000000	-165.8070000000000000	-0.0000000006452860	0.0000005156720000	-0.0000000019620100
0.5775000000000000	-96.4375000000000000	13883.6000000000000000	-166.5030000000000000	-0.0000000006639310	0.0000005156750000	-0.0000000019653000
0.5800000000000000	-98.0000000000000000	13883.5000000000000000	-167.2030000000000000	-0.0000000006828030	0.0000005156750000	-0.0000000019686600
0.5825000000000000	-99.5469000000000000	13883.4000000000000000	-167.9090000000000000	-0.0000000007023570	0.0000005156690000	-0.0000000019720700
0.5850000000000000	-101.0940000000000000	13883.4000000000000000	-168.6190000000000000	-0.0000000007216840	0.0000005156680000	-0.0000000019755400
0.5875000000000000	-102.6560000000000000	13883.5000000000000000	-169.3330000000000000	-0.0000000007407830	0.0000005156710000	-0.0000000019790600
0.5900000000000000	-104.2190000000000000	13883.5000000000000000	-170.0520000000000000	-0.0000000007601100	0.0000005156710000	-0.0000000019827600
0.5925000000000000	-105.7660000000000000	13883.5000000000000000	-170.7760000000000000	-0.0000000007792100	0.0000005156710000	-0.0000000019864500
0.5950000000000000	-107.2970000000000000	13883.4000000000000000	-171.5020000000000000	-0.0000000007978540	0.0000005156710000	-0.0000000019902000
0.5975000000000000	-108.8440000000000000	13883.4000000000000000	-172.2320000000000000	-0.0000000008164990	0.0000005156710000	-0.0000000019939500
0.6000000000000000	-110.3910000000000000	13883.4000000000000000	-172.9670000000000000	-0.0000000008353710	0.0000005156710000	-0.0000000019978200
0.6025000000000000	-111.9380000000000000	13883.4000000000000000	-173.7060000000000000	-0.0000000008544700	0.0000005156700000	-0.0000000020018000
0.6050000000000000	-113.4840000000000000	13883.4000000000000000	-174.4470000000000000	-0.0000000008735700	0.0000005156700000	-0.0000000020057800
0.6075000000000000	-115.0160000000000000	13883.4000000000000000	-175.1920000000000000	-0.0000000008924420	0.0000005156700000	-0.0000000020098700
0.6100000000000000	-116.5630000000000000	13883.4000000000000000	-175.9410000000000000	-0.0000000009113140	0.0000005156700000	-0.0000000020139100
0.6125000000000000	-118.1090000000000000	13883.4000000000000000	-176.6930000000000000	-0.0000000009301860	0.0000005156700000	-0.0000000020180000
0.6150000000000000	-119.6250000000000000	13883.4000000000000000	-177.4470000000000000	-0.0000000009488300	0.0000005156700000	-0.0000000020223200
0.6175000000000000	-121.1560000000000000	13883.4000000000000000	-178.2050000000000000	-0.0000000009674750	0.0000005156700000	-0.0000000020265800
0.6200000000000000	-122.7030000000000000	13883.4000000000000000	-178.9650000000000000	-0.0000000009861200	0.0000005156690000	-0.0000000020308400
0.6225000000000000	-124.2190000000000000	13883.4000000000000000	-179.7280000000000000	-0.0000000010045400	0.0000005156690000	-0.0000000020352200
0.6250000000000000	-125.7340000000000000	13883.4000000000000000	-180.4940000000000000	-0.0000000010229500	0.0000005156690000	-0.0000000020396000
0.6275000000000000	-127.2660000000000000	13883.4000000000000000	-181.2620000000000000	-0.0000000010413700	0.0000005156690000	-0.0000000020440900
0.6300000000000000	-128.7810000000000000	13883.4000000000000000	-182.0320000000000000	-0.0000000010597900	0.0000005156690000	-0.0000000020485800
0.6325000000000000	-130.2810000000000000	13883.4000000000000000	-182.8040000000000000	-0.0000000010779800	0.0000005156690000	-0.0000000020531300
0.6350000000000000	-131.7970000000000000	13883.4000000000000000	-183.5780000000000000	-0.0000000010959400	0.0000005156690000	-0.0000000020577900
0.6375000000000000	-133.3130000000000000	13883.4000000000000000	-184.3550000000000000	-0.0000000011141300	0.0000005156690000	-0.0000000020623400
0.6400000000000000	-134.8130000000000000	13883.4000000000000000	-185.1330000000000000	-0.0000000011323200	0.0000005156710000	-0.0000000020669400
0.6425000000000000	-136.3130000000000000	13883.4000000000000000	-185.9120000000000000	-0.0000000011505100	0.0000005156700000	-0.0000000020717700
0.6450000000000000	-137.8130000000000000	13883.3000000000000000	-186.6940000000000000	-0.0000000011687000	0.0000005156660000	-0.0000000020764900
0.6475000000000000	-139.3130000000000000	13883.3000000000000000	-187.4760000000000000	-0.0000000011871200	0.0000005156650000	-0.0000000020812100
0.6500000000000000	-140.8130000000000000	13883.4000000000000000	-188.2590000000000000	-0.0000000012053100	0.0000005156680000	-0.0000000020859800
0.6525000000000000	-142.2970000000000000	13883.4000000000000000	-189.0440000000000000	-0.0000000012228200	0.0000005156680000	-0.0000000020907600
0.6550000000000000	-143.7810000000000000	13883.4000000000000000	-189.8310000000000000	-0.0000000012403200	0.0000005156670000	-0.0000000020957000
0.6575000000000000	-145.2500000000000000	13883.3000000000000000	-190.6180000000000000	-0.0000000012580600	0.0000005156670000	-0.0000000021006500
0.6600000000000000	-146.7110000000000000	13883.3000000000000000	-191.4050000000000000	-0.0000000012759100	0.0000005156670000	-0.0000000021055400
0.6625000000000000	-148.1880000000000000	13883.3000000000000000	-192.1930000000000000	-0.0000000012935300	0.0000005156670000	-0.0000000021105400
0.6650000000000000	-149.6560000000000000	13883.3000000000000000	-192.9810000000000000	-0.0000000013109200	0.0000005156670000	-0.0000000021155400
0.6675000000000000	-151.1090000000000000	13883.3000000000000000	-193.7700000000000000	-0.0000000013283200	0.0000005156670000	-0.0000000021204900
0.6700000000000000	-152.5630000000000000	13883.3000000000000000	-194.5600000000000000	-0.0000000013456000	0.0000005156670000	-0.0000000021255500
0.6725000000000000	-154.0160000000000000	13883.3000000000000000	-195.3490000000000000	-0.0000000013629900	0.0000005156660000	-0.0000000021306000
0.6750000000000000	-155.4530000000000000	13883.3000000000000000	-196.1380000000000000	-0.0000000013803900	0.0000005156660000	-0.0000000021356600
0.6775000000000000	-156.8910000000000000	13883.3000000000000000	-196.9280000000000000	-0.0000000013975500	0.0000005156660000	-0.0000000021408400
0.6800000000000000	-158.3280000000000000	13883.3000000000000000	-197.7170000000000000	-0.0000000014144900	0.0000005156660000	-0.0000000021460700
0.6825000000000000	-159.7580000000000000	13883.3000000000000000	-198.5050000000000000	-0.0000000014313200	0.0000005156660000	-0.0000000021511800
0.6850000000000000	-161.1720000000000000	13883.3000000000000000	-199.2920000000000000	-0.0000000014483700	0.0000005156660000	-0.0000000021562400
0.6875000000000000	-162.5860000000000000	13883.3000000000000000	-200.0800000000000000	-0.0000000014653100	0.0000005156660000	-0.0000000021614100
0.6900000000000000	-164.0000000000000000	13883.3000000000000000	-200.8660000000000000	-0.0000000014820200	0.0000005156650000	-0.0000000021665900
0.6925000000000000	-165.3980000000000000	13883.3000000000000000	-201.6510000000000000	-0.0000000014988500	0.0000005156650000	-0.0000000021718200
0.6950000000000000	-166.7970000000000000	13883.3000000000000000	-202.4360000000000000	-0.0000000015154500	0.0000005156650000	-0.0000000021771000
0.6975000000000000	-168.1950000000000000	13883.3000000000000000	-203.2200000000000000	-0.0000000015317000	0.0000005156650000	-0.0000000021822200
0.7000000000000000	-169.5780000000000000	13883.3000000000000000	-204.0020000000000000	-0.0000000015481900	0.0000005156650000	-0.0000000021874500
0.7025000000000000	-170.9530000000000000	13883.3000000000000000	-204.7830000000000000	-0.0000000015646700	0.0000005156670000	-0.0000000021928500
0.7050000000000000	-172.3280000000000000	13883.3000000000000000	-205.5630000000000000	-0.0000000015807000	0.0000005156660000	-0.0000000021981300
0.7075000000000000	-173.6950000000000000	13883.2000000000000000	-206.3400000000000000	-0.0000000015969600	0.0000005156620000	-0.0000000022033600
0.7100000000000000	-175.0470000000000000	13883.2000000000000000	-207.1140000000000000	-0.0000000016131000	0.0000005156620000	-0.0000000022085900
0.7125000000000000	-176.3980000000000000	13883.3000000000000000	-207.8890000000000000	-0.0000000016290200	0.0000005156640000	-0.0000000022138200
0.7150000000000000	-177.7420000000000000	13883.3000000000000000	-208.6610000000000000	-0.0000000016449300	0.0000005156640000	-0.0000000022191100
0.7175000000000000	-179.0700000000000000	13883.3000000000000000	-209.4300000000000000	-0.0000000016607400	0.0000005156640000	-0.0000000022244000
0.7200000000000000	-180.4060000000000000	13883.3000000000000000	-210.1980000000000000	-0.0000000016764300	0.0000005156640000	-0.0000000022296800
0.7225000000000000	-181.7340000000000000	13883.2000000000000000	-210.9630000000000000	-0.0000000016918900	0.0000005156630000	-0.0000000022349400
0.7250000000000000	-183.0390000000000000	13883.2000000000000000	-211.7260000000000000	-0.0000000017073500	0.0000005156630000	-0.0000000022402300
0.7275000000000000	-184.3440000000000000	13883.2000000000000000	-212.4860000000000000	-0.0000000017227000	0.0000005156630000	-0.0000000022455100
0.7300000000000000	-185.6410000000000000	13883.2000000000000000	-213.2440000000000000	-0.0000000017379300	0.0000005156630000	-0.0000000022507400
0.7325000000000000	-186.9300000000000000	13883.2000000000000000	-213.9970000000000000	-0.0000000017532800	0.0000005156630000	-0.0000000022560000
0.7350000000000000	-188.2110000000000000	13883.2000000000000000	-214.7480000000000000	-0.0000000017684000	0.0000005156630000	-0.0000000022612300
0.7375000000000000	-189.4770000000000000	13883.2000000000000000	-215.4970000000000000	-0.0000000017832900	0.0000005156630000	-0.0000000022664900
0.7400000000000000	-190.7420000000000000	13883.2000000000000000	-216.2420000000000000	-0.0000000017981800	0.0000005156630000	-0.0000000022717200
0.7425000000000000	-192.0000000000000000	13883.2000000000000000	-216.9840000000000000	-0.0000000018128500	0.0000005156620000	-0.0000000022769200
0.7450000000000000	-193.2500000000000000	13883.2000000000000000	-217.7230000000000000	-0.0000000018276300	0.0000005156620000	-0.0000000022821500
0.7475000000000000	-194.4840000000000000	13883.2000000000000000	-218.4570000000000000	-0.0000000018421800	0.0000005156620000	-0.0000000022873500
0.7500000000000000	-195.7110000000000000	13883.2000000000000000	-219.1880000000000000	-0.0000000018565100	0.0000005156620000	-0.0000000022925000
0.7525000000000000	-196.9300000000000000	13883.2000000000000000	-219.9150000000000000	-0.0000000018709400	0.0000005156620000	-0.0000000022976400
0.7550000000000000	-198.1410000000000000	13883.2000000000000000	-220.6390000000000000	-0.0000000018850400	0.0000005156620000	-0.0000000023027800
0.7575000000000000	-199.3440000000000000	13883.2000000000000000	-221.3580000000000000	-0.0000000018990200	0.0000005156620000	-0.0000000023079300
0.7600000000000000	-200.5310000000000000	13883.2000000000000000	-222.0730000000000000	-0.0000000019131200	0.0000005156610000	-0.0000000023130700
0.7625000000000000	-201.7190000000000000	13883.2000000000000000	-222.7850000000000000	-0.0000000019269900	0.0000005156610000	-0.0000000023181300
0.7650000000000000	-202.8910000000000000	13883.2000000000000000	-223.4910000000000000	-0.0000000019406300	0.0000005156630000	-0.0000000023231900
0.7675000000000000	-204.0470000000000000	13883.2000000000000000	-224.1930000000000000	-0.0000000019542800	0.0000005156630000	-0.0000000023282500
0.7700000000000000	-205.2030000000000000	13883.1000000000000000	-224.8920000000000000	-0.0000000019678100	0.0000005156590000	-0.0000000023332500
0.7725000000000000	-206.3520000000000000	13883.1000000000000000	-225.5840000000000000	-0.0000000019809900	0.0000005156590000	-0.0000000023382300
0.7750000000000000	-207.4920000000000000	13883.2000000000000000	-226.2720000000000000	-0.0000000019941800	0.0000005156610000	-0.0000000023432000
0.7775000000000000	-208.6170000000000000	13883.2000000000000000	-226.9560000000000000	-0.0000000020074800	0.0000005156610000	-0.0000000023481700
0.7800000000000000	-209.7190000000000000	13883.2000000000000000	-227.6340000000000000	-0.0000000020205600	0.0000005156600000	-0.0000000023530900
0.7825000000000000	-210.8200000000000000	13883.2000000000000000	-228.3070000000000000	-0.0000000020334000	0.0000005156600000	-0.0000000023580100
0.7850000000000000	-211.9220000000000000	13883.2000000000000000	-228.9760000000000000	-0.0000000020460200	0.0000005156600000	-0.0000000023628700
0.7875000000000000	-213.0080000000000000	13883.2000000000000000	-229.6390000000000000	-0.0000000020586400	0.0000005156600000	-0.0000000023676700
0.7900000000000000	-214.0780000000000000	13883.2000000000000000	-230.2970000000000000	-0.0000000020711500	0.0000005156600000	-0.0000000023724700
0.7925000000000000	-215.1410000000000000	13883.1000000000000000	-230.9490000000000000	-0.0000000020835400	0.0000005156600000	-0.0000000023772200
0.7950000000000000	-216.1950000000000000	13883.1000000000000000	-231.5950000000000000	-0.0000000020959300	0.0000005156600000	-0.0000000023819700
0.7975000000000000	-217.2340000000000000	13883.1000000000000000	-232.2360000000000000	-0.0000000021079800	0.0000005156600000	-0.0000000023866800
0.8000000000000000	-218.2580000000000000	13883.1000000000000000	-232.8710000000000000	-0.0000000021199200	0.0000005156600000	-0.0000000023913500
0.8025000000000000	-219.2730000000000000	13883.1000000000000000	-233.4990000000000000	-0.0000000021318600	0.0000005156590000	-0.0000000023959800
0.8050000000000000	-220.2810000000000000	13883.1000000000000000	-234.1220000000000000	-0.0000000021436800	0.0000005156590000	-0.0000000024005500
0.8075000000000000	-221.2730000000000000	13883.1000000000000000	-234.7400000000000000	-0.0000000021552800	0.0000005156590000	-0.0000000024051000
0.8100000000000000	-222.2500000000000000	13883.1000000000000000	-235.3500000000000000	-0.0000000021666400	0.0000005156590000	-0.0000000024095900
0.8125000000000000	-223.2270000000000000	13883.1000000000000000	-235.9550000000000000	-0.0000000021779000	0.0000005156590000	-0.0000000024140500
0.8150000000000000	-224.1950000000000000	13883.1000000000000000	-236.5540000000000000	-0.0000000021890400	0.0000005156590000	-0.0000000024185500
0.8175000000000000	-225.1410000000000000	13883.1000000000000000	-237.1450000000000000	-0.0000000022000700	0.0000005156590000	-0.0000000024229200
0.8200000000000000	-226.0700000000000000	13883.1000000000000000	-237.7290000000000000	-0.0000000022108100	0.0000005156590000	-0.0000000024272400
0.8225000000000000	-226.9960000000000000	13883.1000000000000000	-238.3080000000000000	-0.0000000022215000	0.0000005156580000	-0.0000000024315600
0.8250000000000000	-227.9140000000000000	13883.1000000000000000	-238.8800000000000000	-0.0000000022321800	0.0000005156580000	-0.0000000024357700
0.8275000000000000	-228.8130000000000000	13883.1000000000000000	-239.4450000000000000	-0.0000000022426400	0.0000005156590000	-0.0000000024399800
0.8300000000000000	-229.6990000000000000	13883.1000000000000000	-240.0030000000000000	-0.0000000022529300	0.0000005156590000	-0.0000000024441800
0.8325000000000000	-230.5780000000000000	13883.1000000000000000	-240.5550000000000000	-0.0000000022630500	0.0000005156570000	-0.0000000024482700
0.8350000000000000	-231.4450000000000000	13883.1000000000000000	-241.0990000000000000	-0.0000000022731100	0.0000005156570000	-0.0000000024523400
0.8375000000000000	-232.3010000000000000	13883.1000000000000000	-241.6350000000000000	-0.0000000022830600	0.0000005156580000	-0.0000000024564000
0.8400000000000000	-233.1410000000000000	13883.1000000000000000	-242.1650000000000000	-0.0000000022927800	0.0000005156580000	-0.0000000024603300
0.8425000000000000	-233.9650000000000000	13883.1000000000000000	-242.6870000000000000	-0.0000000023023300	0.0000005156580000	-0.0000000024642200
0.8450000000000000	-234.7810000000000000	13883.1000000000000000	-243.2020000000000000	-0.0000000023117100	0.0000005156580000	-0.0000000024681400
0.8475000000000000	-235.5860000000000000	13883.1000000000000000	-243.7110000000000000	-0.0000000023209700	0.0000005156580000	-0.0000000024719400
0.8500000000000000	-236.3750000000000000	13883.1000000000000000	-244.2100000000000000	-0.0000000023301800	0.0000005156570000	-0.0000000024756700
0.8525000000000000	-237.1520000000000000	13883.1000000000000000	-244.7020000000000000	-0.0000000023392200	0.0000005156570000	-0.0000000024794000
0.8550000000000000	-237.9140000000000000	13883.1000000000000000	-245.1870000000000000	-0.0000000023480300	0.0000005156570000	-0.0000000024830300
0.8575000000000000	-238.6600000000000000	13883.1000000000000000	-245.6640000000000000	-0.0000000023566700	0.0000005156570000	-0.0000000024866300
0.8600000000000000	-239.3980000000000000	13883.1000000000000000	-246.1340000000000000	-0.0000000023652000	0.0000005156570000	-0.0000000024901700
0.8625000000000000	-240.1250000000000000	13883.1000000000000000	-246.5950000000000000	-0.0000000023735500	0.0000005156570000	-0.0000000024936500
0.8650000000000000	-240.8360000000000000	13883.1000000000000000	-247.0480000000000000	-0.0000000023817400	0.0000005156570000	-0.0000000024970900
0.8675000000000000	-241.5350000000000000	13883.1000000000000000	-247.4930000000000000	-0.0000000023898700	0.0000005156570000	-0.0000000025004600
0.8700000000000000	-242.2230000000000000	13883.1000000000000000	-247.9300000000000000	-0.0000000023977700	0.0000005156570000	-0.0000000025037700
0.8725000000000000	-242.8950000000000000	13883.1000000000000000	-248.3590000000000000	-0.0000000024055600	0.0000005156570000	-0.0000000025070200
0.8750000000000000	-243.5510000000000000	13883.1000000000000000	-248.7800000000000000	-0.0000000024131200	0.0000005156570000	-0.0000000025102200
0.8775000000000000	-244.1910000000000000	13883.1000000000000000	-249.1920000000000000	-0.0000000024204500	0.0000005156560000	-0.0000000025133500
0.8800000000000000	-244.8240000000000000	13883.1000000000000000	-249.5960000000000000	-0.0000000024277800	0.0000005156560000	-0.0000000025164200
0.8825000000000000	-245.4450000000000000	13883.1000000000000000	-249.9920000000000000	-0.0000000024349400	0.0000005156560000	-0.0000000025194100
0.8850000000000000	-246.0470000000000000	13883.1000000000000000	-250.3780000000000000	-0.0000000024418800	0.0000005156560000	-0.0000000025223600
0.8875000000000000	-246.6330000000000000	13883.1000000000000000	-250.7570000000000000	-0.0000000024486400	0.0000005156560000	-0.0000000025252400
0.8900000000000000	-247.2070000000000000	13883.1000000000000000	-251.1280000000000000	-0.0000000024552400	0.0000005156570000	-0.0000000025280700
0.8925000000000000	-247.7700000000000000	13883.1000000000000000	-251.4890000000000000	-0.0000000024616600	0.0000005156570000	-0.0000000025308100
0.8950000000000000	-248.3160000000000000	13883.0000000000000000	-251.8410000000000000	-0.0000000024680300	0.0000005156560000	-0.0000000025334800
0.8975000000000000	-248.8520000000000000	13883.0000000000000000	-252.1850000000000000	-0.0000000024742200	0.0000005156550000	-0.0000000025361400
0.9000000000000000	-249.3750000000000000	13883.0000000000000000	-252.5210000000000000	-0.0000000024802500	0.0000005156560000	-0.0000000025387100
0.9025000000000000	-249.8830000000000000	13883.0000000000000000	-252.8470000000000000	-0.0000000024861300	0.0000005156560000	-0.0000000025411900
0.9050000000000000	-250.3730000000000000	13883.0000000000000000	-253.1640000000000000	-0.0000000024917900	0.0000005156560000	-0.0000000025436200
0.9075000000000000	-250.8480000000000000	13883.0000000000000000	-253.4720000000000000	-0.0000000024972700	0.0000005156560000	-0.0000000025459600
0.9100000000000000	-251.3130000000000000	13883.0000000000000000	-253.7710000000000000	-0.0000000025026200	0.0000005156560000	-0.0000000025482300
0.9125000000000000	-251.7640000000000000	13883.0000000000000000	-254.0630000000000000	-0.0000000025077900	0.0000005156560000	-0.0000000025504800
0.9150000000000000	-252.1990000000000000	13883.0000000000000000	-254.3440000000000000	-0.0000000025128200	0.0000005156560000	-0.0000000025526200
0.9175000000000000	-252.6190000000000000	13883.0000000000000000	-254.6150000000000000	-0.0000000025176500	0.0000005156560000	-0.0000000025547000
0.9200000000000000	-253.0250000000000000	13883.0000000000000000	-254.8780000000000000	-0.0000000025223400	0.0000005156560000	-0.0000000025567200
0.9225000000000000	-253.4180000000000000	13883.0000000000000000	-255.1320000000000000	-0.0000000025268600	0.0000005156560000	-0.0000000025586600
0.9250000000000000	-253.7950000000000000	13883.0000000000000000	-255.3770000000000000	-0.0000000025311800	0.0000005156560000	-0.0000000025605500
0.9275000000000000	-254.1560000000000000	13883.0000000000000000	-255.6110000000000000	-0.0000000025353300	0.0000005156560000	-0.0000000025623500
0.9300000000000000	-254.5060000000000000	13883.0000000000000000	-255.8370000000000000	-0.0000000025393400	0.0000005156560000	-0.0000000025640800
0.9325000000000000	-254.8440000000000000	13883.0000000000000000	-256.0540000000000000	-0.0000000025432600	0.0000005156550000	-0.0000000025657400
0.9350000000000000	-255.1620000000000000	13883.0000000000000000	-256.2610000000000000	-0.0000000025469500	0.0000005156550000	-0.0000000025673300
0.9375000000000000	-255.4650000000000000	13883.0000000000000000	-256.4590000000000000	-0.0000000025503900	0.0000005156550000	-0.0000000025688500
0.9400000000000000	-255.7520000000000000	13883.0000000000000000	-256.6460000000000000	-0.0000000025536600	0.0000005156550000	-0.0000000025702900
0.9425000000000000	-256.0270000000000000	13883.0000000000000000	-256.8250000000000000	-0.0000000025568500	0.0000005156550000	-0.0000000025716700
0.9450000000000000	-256.2900000000000000	13883.0000000000000000	-256.9950000000000000	-0.0000000025598900	0.0000005156550000	-0.0000000025729600
0.9475000000000000	-256.5350000000000000	13883.0000000000000000	-257.1540000000000000	-0.0000000025627100	0.0000005156550000	-0.0000000025741900
0.9500000000000000	-256.7670000000000000	13883.0000000000000000	-257.3040000000000000	-0.0000000025653600	0.0000005156550000	-0.0000000025753500
0.9525000000000000	-256.9810000000000000	13883.0000000000000000	-257.4450000000000000	-0.0000000025678300	0.0000005156550000	-0.0000000025764400
0.9550000000000000	-257.1830000000000000	13883.0000000000000000	-257.5760000000000000	-0.0000000025701500	0.0000005156550000	-0.0000000025774400
0.9575000000000000	-257.3700000000000000	13883.0000000000000000	-257.6970000000000000	-0.0000000025723100	0.0000005156550000	-0.0000000025783600
0.9600000000000000	-257.5400000000000000	13883.0000000000000000	-257.8080000000000000	-0.0000000025742500	0.0000005156550000	-0.0000000025792300
0.9625000000000000	-257.6970000000000000	13883.1000000000000000	-257.9100000000000000	-0.0000000025760300	0.0000005156570000	-0.0000000025800200
0.9650000000000000	-257.8400000000000000	13882.9000000000000000	-258.0030000000000000	-0.0000000025776800	0.0000005156490000	-0.0000000025807300
0.9675000000000000	-257.9660000000000000	13883.1000000000000000	-258.0850000000000000	-0.0000000025791600	0.0000005156590000	-0.0000000025813600
0.9700000000000000	-258.0790000000000000	13884.2000000000000000	-258.1580000000000000	-0.0000000025804400	0.0000005156970000	-0.0000000025819200
0.9725000000000000	-258.1750000000000000	13878.1000000000000000	-258.2220000000000000	-0.0000000025815400	0.0000005154710000	-0.0000000025824200
0.9750000000000000	-258.2580000000000000	13890.5000000000000000	-258.2750000000000000	-0.0000000025825100	0.0000005159330000	-0.0000000025828300
0.9775000000000000	-258.3260000000000000	13901.1000000000000000	-258.3190000000000000	-0.0000000025833000	0.0000005163250000	-0.0000000025831600
0.9800000000000000	-258.3770000000000000	13751.4000000000000000	-258.3540000000000000	-0.0000000025838600	0.0000005107680000	-0.0000000025834400
0.9825000000000000	-258.4150000000000000	14189.4000000000000000	-258.3800000000000000	-0.0000000025843000	0.0000005270350000	-0.0000000025836500
0.9850000000000000	-258.4300000000000000	13987.7000000000000000	-258.3870000000000000	-0.0000000025844900	0.0000005195440000	-0.0000000025836900
0.9875000000000000	-258.4290000000000000	13206.9000000000000000	-258.3840000000000000	-0.0000000025844800	0.0000004905440000	-0.0000000025836500
