X	S11	S12	S22					
0	123.625	-1.45E+05	-88.75					
2.50E-03	156.125	-1.45E+05	-154.182					
5.00E-03	180.594	4.76E+04	-237.395					
7.50E-03	168.563	4.96E+03	-255.845					
1.00E-02	161.75	1.37E+04	-254.084					
1.25E-02	158.188	1.50E+04	-249.312					
1.50E-02	157.25	1.35E+04	-246.551					
1.75E-02	156.781	1.39E+04	-245.409					
2.00E-02	156.094	1.39E+04	-244.123					
2.25E-02	155.313	1.39E+04	-243.013					
2.50E-02	154.531	1.39E+04	-241.75					
2.75E-02	153.75	1.39E+04	-240.522					
3.00E-02	152.969	1.39E+04	-239.289					
3.25E-02	152.156	1.39E+04	-238.047					
3.50E-02	151.375	1.39E+04	-236.834					
3.75E-02	150.594	1.39E+04	-235.596					
4.00E-02	149.781	1.39E+04	-234.389					
4.25E-02	149	1.39E+04	-233.161					
4.50E-02	148.219	1.39E+04	-231.958					
4.75E-02	147.438	1.39E+04	-230.742					
5.00E-02	146.688	1.39E+04	-229.542					
5.25E-02	145.906	1.39E+04	-228.336					
5.50E-02	145.125	1.39E+04	-227.142					
5.75E-02	144.344	1.39E+04	-225.946					
6.00E-02	143.563	1.39E+04	-224.758					
6.25E-02	142.813	1.39E+04	-223.571					
6.50E-02	142.031	1.39E+04	-222.391					
6.75E-02	141.25	1.39E+04	-221.213					
7.00E-02	140.5	1.39E+04	-220.04					
7.25E-02	139.719	1.39E+04	-218.872					
7.50E-02	138.938	1.39E+04	-217.708					
7.75E-02	138.188	1.39E+04	-216.548					
8.00E-02	137.438	1.39E+04	-215.393					
8.25E-02	136.688	1.39E+04	-214.243					
8.50E-02	135.906	1.39E+04	-213.098					
8.75E-02	135.156	1.39E+04	-211.957					
9.00E-02	134.406	1.39E+04	-210.821					
9.25E-02	133.594	1.39E+04	-209.691					
9.50E-02	132.844	1.39E+04	-208.565					
9.75E-02	132.125	1.39E+04	-207.445					
1.00E-01	131.344	1.39E+04	-206.33					
1.03E-01	130.563	1.39E+04	-205.22					
1.05E-01	129.813	1.39E+04	-204.116					
1.08E-01	129.063	1.39E+04	-203.017					
1.10E-01	128.281	1.39E+04	-201.923					
1.13E-01	127.5	1.39E+04	-200.836					
1.15E-01	126.75	1.39E+04	-199.754					
1.18E-01	125.969	1.39E+04	-198.679					
1.20E-01	125.188	1.39E+04	-197.609					
1.23E-01	124.438	1.39E+04	-196.545					
1.25E-01	123.656	1.39E+04	-195.488					
1.28E-01	122.875	1.39E+04	-194.436					
1.30E-01	122.125	1.39E+04	-193.392					
1.33E-01	121.344	1.39E+04	-192.353					
1.35E-01	120.563	1.39E+04	-191.321					
1.38E-01	119.813	1.39E+04	-190.296					
1.40E-01	119.031	1.39E+04	-189.278					
1.43E-01	118.25	1.39E+04	-188.266					
1.45E-01	117.5	1.39E+04	-187.261					
1.48E-01	116.719	1.39E+04	-186.264					
1.50E-01	115.906	1.39E+04	-185.273					
1.53E-01	115.125	1.39E+04	-184.29					
1.55E-01	114.344	1.39E+04	-183.314					
1.58E-01	113.563	1.39E+04	-182.345					
1.60E-01	112.75	1.39E+04	-181.384					
1.63E-01	111.938	1.39E+04	-180.431					
1.65E-01	111.156	1.39E+04	-179.485					
1.68E-01	110.344	1.39E+04	-178.547					
1.70E-01	109.563	1.39E+04	-177.616					
1.73E-01	108.75	1.39E+04	-176.694					
1.75E-01	107.938	1.39E+04	-175.78					
1.78E-01	107.156	1.39E+04	-174.874					
1.80E-01	106.344	1.39E+04	-173.976					
1.83E-01	105.5	1.39E+04	-173.087					
1.85E-01	104.688	1.39E+04	-172.205					
1.88E-01	103.875	1.39E+04	-171.333					
1.90E-01	103	1.39E+04	-170.469					
1.93E-01	102.188	1.39E+04	-169.613					
1.95E-01	101.375	1.39E+04	-168.767					
1.98E-01	100.531	1.39E+04	-167.929					
2.00E-01	99.6875	1.39E+04	-167.1					
2.03E-01	98.8438	1.39E+04	-166.28					
2.05E-01	98	1.39E+04	-165.47					
2.08E-01	97.1563	1.39E+04	-164.668					
2.10E-01	96.3125	1.39E+04	-163.876					
2.13E-01	95.4375	1.39E+04	-163.093					
2.15E-01	94.5625	1.39E+04	-162.319					
2.18E-01	93.6875	1.39E+04	-161.555					
2.20E-01	92.8125	1.39E+04	-160.8					
2.23E-01	91.9375	1.39E+04	-160.055					
2.25E-01	91.0313	1.39E+04	-159.32					
2.28E-01	90.1563	1.39E+04	-158.595					
2.30E-01	89.3125	1.39E+04	-157.879					
2.33E-01	88.4063	1.39E+04	-157.173					
2.35E-01	87.4688	1.39E+04	-156.478					
2.38E-01	86.5625	1.39E+04	-155.792					
2.40E-01	85.6563	1.39E+04	-155.117					
2.43E-01	84.75	1.39E+04	-154.451					
2.45E-01	83.8438	1.39E+04	-153.796					
2.48E-01	82.9063	1.39E+04	-153.152					
2.50E-01	81.9688	1.39E+04	-152.517					
2.53E-01	81.0625	1.39E+04	-151.893					
2.55E-01	80.125	1.39E+04	-151.28					
2.58E-01	79.1563	1.39E+04	-150.677					
2.60E-01	78.1875	1.39E+04	-150.085					
2.63E-01	77.2188	1.39E+04	-149.503					
2.65E-01	76.2813	1.39E+04	-148.932					
2.68E-01	75.3125	1.39E+04	-148.372					
2.70E-01	74.3125	1.39E+04	-147.823					
2.73E-01	73.3125	1.39E+04	-147.285					
2.75E-01	72.3438	1.39E+04	-146.757					
2.78E-01	71.375	1.39E+04	-146.241					
2.80E-01	70.375	1.39E+04	-145.735					
2.83E-01	69.375	1.39E+04	-145.241					
2.85E-01	68.375	1.39E+04	-144.758					
2.88E-01	67.3438	1.39E+04	-144.286					
2.90E-01	66.3125	1.39E+04	-143.825					
2.93E-01	65.2813	1.39E+04	-143.375					
2.95E-01	64.25	1.39E+04	-142.936					
2.98E-01	63.2188	1.39E+04	-142.509					
3.00E-01	62.1563	1.39E+04	-142.093					
3.03E-01	61.0938	1.39E+04	-141.689					
3.05E-01	60.0313	1.39E+04	-141.295					
3.08E-01	59	1.39E+04	-140.913					
3.10E-01	57.9375	1.39E+04	-140.543					
3.13E-01	56.8438	1.39E+04	-140.184					
3.15E-01	55.75	1.39E+04	-139.837					
3.18E-01	54.6563	1.39E+04	-139.501					
3.20E-01	53.5625	1.39E+04	-139.176					
3.23E-01	52.4688	1.39E+04	-138.863					
3.25E-01	51.375	1.39E+04	-138.562					
3.28E-01	50.25	1.39E+04	-138.272					
3.30E-01	49.125	1.39E+04	-137.994					
3.33E-01	48	1.39E+04	-137.727					
3.35E-01	46.875	1.39E+04	-137.472					
3.38E-01	45.75	1.39E+04	-137.228					
3.40E-01	44.5938	1.39E+04	-136.997					
3.43E-01	43.4219	1.39E+04	-136.776					
3.45E-01	42.2656	1.39E+04	-136.568					
3.48E-01	41.1094	1.39E+04	-136.371					
3.50E-01	39.9375	1.39E+04	-136.185					
3.53E-01	38.75	1.39E+04	-136.012					
3.55E-01	37.5625	1.39E+04	-135.85					
3.58E-01	36.375	1.39E+04	-135.699					
3.60E-01	35.1719	1.39E+04	-135.56					
3.63E-01	33.9688	1.39E+04	-135.432					
3.65E-01	32.7813	1.39E+04	-135.317					
3.68E-01	31.5781	1.39E+04	-135.212					
3.70E-01	30.3438	1.39E+04	-135.12					
3.73E-01	29.1094	1.39E+04	-135.039					
3.75E-01	27.875	1.39E+04	-134.969					
3.78E-01	26.625	1.39E+04	-134.911					
3.80E-01	25.375	1.39E+04	-134.864					
3.83E-01	24.125	1.39E+04	-134.829					
3.85E-01	22.8594	1.39E+04	-134.805					
3.88E-01	21.5938	1.39E+04	-134.793					
3.90E-01	20.3281	1.39E+04	-134.792					
3.93E-01	19.0469	1.39E+04	-134.802					
3.95E-01	17.7656	1.39E+04	-134.824					
3.98E-01	16.4688	1.39E+04	-134.857					
4.00E-01	15.1563	1.39E+04	-134.901					
4.03E-01	13.8594	1.39E+04	-134.957					
4.05E-01	12.5625	1.39E+04	-135.023					
4.08E-01	11.25	1.39E+04	-135.101					
4.10E-01	9.9375	1.39E+04	-135.19					
4.13E-01	8.59375	1.39E+04	-135.29					
4.15E-01	7.23438	1.39E+04	-135.401					
4.18E-01	5.90625	1.39E+04	-135.523					
4.20E-01	4.5625	1.39E+04	-135.656					
4.23E-01	3.21875	1.39E+04	-135.8					
4.25E-01	1.875	1.39E+04	-135.954					
4.28E-01	5.16E-01	1.39E+04	-136.12					
4.30E-01	-8.44E-01	1.39E+04	-136.296					
4.33E-01	-2.21875	1.39E+04	-136.482					
4.35E-01	-3.60938	1.39E+04	-136.68					
4.38E-01	-5	1.39E+04	-136.888					
4.40E-01	-6.39063	1.39E+04	-137.107					
4.43E-01	-7.78125	1.39E+04	-137.336					
4.45E-01	-9.17188	1.39E+04	-137.575					
4.48E-01	-10.5781	1.39E+04	-137.825					
4.50E-01	-11.9844	1.39E+04	-138.085					
4.53E-01	-13.3906	1.39E+04	-138.355					
4.55E-01	-14.8125	1.39E+04	-138.635					
4.58E-01	-16.2344	1.39E+04	-138.926					
4.60E-01	-17.6719	1.39E+04	-139.227					
4.63E-01	-19.1094	1.39E+04	-139.537					
4.65E-01	-20.5313	1.39E+04	-139.857					
4.68E-01	-21.9844	1.39E+04	-140.187					
4.70E-01	-23.4375	1.39E+04	-140.527					
4.73E-01	-24.8906	1.39E+04	-140.876					
4.75E-01	-26.3438	1.39E+04	-141.235					
4.78E-01	-27.8125	1.39E+04	-141.603					
4.80E-01	-29.2813	1.39E+04	-141.981					
4.83E-01	-30.7344	1.39E+04	-142.368					
4.85E-01	-32.2031	1.39E+04	-142.764					
4.88E-01	-33.6875	1.39E+04	-143.17					
4.90E-01	-35.1719	1.39E+04	-143.584					
4.93E-01	-36.6406	1.39E+04	-144.008					
4.95E-01	-38.125	1.39E+04	-144.44					
4.98E-01	-39.625	1.39E+04	-144.882					
5.00E-01	-41.125	1.39E+04	-145.332					
5.03E-01	-42.625	1.39E+04	-145.79					
5.05E-01	-44.125	1.39E+04	-146.257					
5.08E-01	-45.625	1.39E+04	-146.733					
5.10E-01	-47.1406	1.39E+04	-147.217					
5.13E-01	-48.6719	1.39E+04	-147.709					
5.15E-01	-50.1719	1.39E+04	-148.21					
5.18E-01	-51.6719	1.39E+04	-148.718					
5.20E-01	-53.1875	1.39E+04	-149.235					
5.23E-01	-54.7188	1.39E+04	-149.759					
5.25E-01	-56.25	1.39E+04	-150.291					
5.28E-01	-57.7656	1.39E+04	-150.83					
5.30E-01	-59.2969	1.39E+04	-151.378					
5.33E-01	-60.8281	1.39E+04	-151.933					
5.35E-01	-62.375	1.39E+04	-152.494					
5.38E-01	-63.9219	1.39E+04	-153.064					
5.40E-01	-65.4531	1.39E+04	-153.641					
5.43E-01	-67	1.39E+04	-154.224					
5.45E-01	-68.5313	1.39E+04	-154.814					
5.48E-01	-70.0625	1.39E+04	-155.412					
5.50E-01	-71.625	1.39E+04	-156.016					
5.53E-01	-73.1719	1.39E+04	-156.627					
5.55E-01	-74.7031	1.39E+04	-157.243					
5.58E-01	-76.25	1.39E+04	-157.867					
5.60E-01	-77.8125	1.39E+04	-158.497					
5.63E-01	-79.375	1.39E+04	-159.133					
5.65E-01	-80.9219	1.39E+04	-159.775					
5.68E-01	-82.4688	1.39E+04	-160.423					
5.70E-01	-84.0313	1.39E+04	-161.076					
5.73E-01	-85.5781	1.39E+04	-161.736					
5.75E-01	-87.125	1.39E+04	-162.401					
5.78E-01	-88.6875	1.39E+04	-163.072					
5.80E-01	-90.2344	1.39E+04	-163.748					
5.83E-01	-91.7813	1.39E+04	-164.429					
5.85E-01	-93.3281	1.39E+04	-165.115					
5.88E-01	-94.875	1.39E+04	-165.807					
5.90E-01	-96.4375	1.39E+04	-166.503					
5.93E-01	-98	1.39E+04	-167.203					
5.95E-01	-99.5469	1.39E+04	-167.909					
5.98E-01	-101.094	1.39E+04	-168.619					
6.00E-01	-102.656	1.39E+04	-169.333					
6.03E-01	-104.219	1.39E+04	-170.052					
6.05E-01	-105.766	1.39E+04	-170.776					
6.08E-01	-107.297	1.39E+04	-171.502					
6.10E-01	-108.844	1.39E+04	-172.232					
6.13E-01	-110.391	1.39E+04	-172.967					
6.15E-01	-111.938	1.39E+04	-173.706					
6.18E-01	-113.484	1.39E+04	-174.447					
6.20E-01	-115.016	1.39E+04	-175.192					
6.23E-01	-116.563	1.39E+04	-175.941					
6.25E-01	-118.109	1.39E+04	-176.693					
6.28E-01	-119.625	1.39E+04	-177.447					
6.30E-01	-121.156	1.39E+04	-178.205					
6.33E-01	-122.703	1.39E+04	-178.965					
6.35E-01	-124.219	1.39E+04	-179.728					
6.38E-01	-125.734	1.39E+04	-180.494					
6.40E-01	-127.266	1.39E+04	-181.262					
6.43E-01	-128.781	1.39E+04	-182.032					
6.45E-01	-130.281	1.39E+04	-182.804					
6.48E-01	-131.797	1.39E+04	-183.578					
6.50E-01	-133.313	1.39E+04	-184.355					
6.53E-01	-134.813	1.39E+04	-185.133					
6.55E-01	-136.313	1.39E+04	-185.912					
6.58E-01	-137.813	1.39E+04	-186.694					
6.60E-01	-139.313	1.39E+04	-187.476					
6.63E-01	-140.813	1.39E+04	-188.259					
6.65E-01	-142.297	1.39E+04	-189.044					
6.68E-01	-143.781	1.39E+04	-189.831					
6.70E-01	-145.25	1.39E+04	-190.618					
6.73E-01	-146.711	1.39E+04	-191.405					
6.75E-01	-148.188	1.39E+04	-192.193					
6.78E-01	-149.656	1.39E+04	-192.981					
6.80E-01	-151.109	1.39E+04	-193.77					
6.83E-01	-152.563	1.39E+04	-194.56					
6.85E-01	-154.016	1.39E+04	-195.349					
6.88E-01	-155.453	1.39E+04	-196.138					
6.90E-01	-156.891	1.39E+04	-196.928					
6.93E-01	-158.328	1.39E+04	-197.717					
6.95E-01	-159.758	1.39E+04	-198.505					
6.98E-01	-161.172	1.39E+04	-199.292					
7.00E-01	-162.586	1.39E+04	-200.08					
7.03E-01	-164	1.39E+04	-200.866					
7.05E-01	-165.398	1.39E+04	-201.651					
7.08E-01	-166.797	1.39E+04	-202.436					
7.10E-01	-168.195	1.39E+04	-203.22					
7.13E-01	-169.578	1.39E+04	-204.002					
7.15E-01	-170.953	1.39E+04	-204.783					
7.18E-01	-172.328	1.39E+04	-205.563					
7.20E-01	-173.695	1.39E+04	-206.34					
7.23E-01	-175.047	1.39E+04	-207.114					
7.25E-01	-176.398	1.39E+04	-207.889					
7.28E-01	-177.742	1.39E+04	-208.661					
7.30E-01	-179.07	1.39E+04	-209.43					
7.33E-01	-180.406	1.39E+04	-210.198					
7.35E-01	-181.734	1.39E+04	-210.963					
7.38E-01	-183.039	1.39E+04	-211.726					
7.40E-01	-184.344	1.39E+04	-212.486					
7.43E-01	-185.641	1.39E+04	-213.244					
7.45E-01	-186.93	1.39E+04	-213.997					
7.48E-01	-188.211	1.39E+04	-214.748					
7.50E-01	-189.477	1.39E+04	-215.497					
7.53E-01	-190.742	1.39E+04	-216.242					
7.55E-01	-192	1.39E+04	-216.984					
7.58E-01	-193.25	1.39E+04	-217.723					
7.60E-01	-194.484	1.39E+04	-218.457					
7.63E-01	-195.711	1.39E+04	-219.188					
7.65E-01	-196.93	1.39E+04	-219.915					
7.68E-01	-198.141	1.39E+04	-220.639					
7.70E-01	-199.344	1.39E+04	-221.358					
7.73E-01	-200.531	1.39E+04	-222.073					
7.75E-01	-201.719	1.39E+04	-222.785					
7.78E-01	-202.891	1.39E+04	-223.491					
7.80E-01	-204.047	1.39E+04	-224.193					
7.83E-01	-205.203	1.39E+04	-224.892					
7.85E-01	-206.352	1.39E+04	-225.584					
7.88E-01	-207.492	1.39E+04	-226.272					
7.90E-01	-208.617	1.39E+04	-226.956					
7.93E-01	-209.719	1.39E+04	-227.634					
7.95E-01	-210.82	1.39E+04	-228.307					
7.98E-01	-211.922	1.39E+04	-228.976					
8.00E-01	-213.008	1.39E+04	-229.639					
8.03E-01	-214.078	1.39E+04	-230.297					
8.05E-01	-215.141	1.39E+04	-230.949					
8.08E-01	-216.195	1.39E+04	-231.595					
8.10E-01	-217.234	1.39E+04	-232.236					
8.13E-01	-218.258	1.39E+04	-232.871					
8.15E-01	-219.273	1.39E+04	-233.499					
8.18E-01	-220.281	1.39E+04	-234.122					
8.20E-01	-221.273	1.39E+04	-234.74					
8.23E-01	-222.25	1.39E+04	-235.35					
8.25E-01	-223.227	1.39E+04	-235.955					
8.28E-01	-224.195	1.39E+04	-236.554					
8.30E-01	-225.141	1.39E+04	-237.145					
8.33E-01	-226.07	1.39E+04	-237.729					
8.35E-01	-226.996	1.39E+04	-238.308					
8.38E-01	-227.914	1.39E+04	-238.88					
8.40E-01	-228.813	1.39E+04	-239.445					
8.43E-01	-229.699	1.39E+04	-240.003					
8.45E-01	-230.578	1.39E+04	-240.555					
8.48E-01	-231.445	1.39E+04	-241.099					
8.50E-01	-232.301	1.39E+04	-241.635					
8.53E-01	-233.141	1.39E+04	-242.165					
8.55E-01	-233.965	1.39E+04	-242.687					
8.58E-01	-234.781	1.39E+04	-243.202					
8.60E-01	-235.586	1.39E+04	-243.711					
8.63E-01	-236.375	1.39E+04	-244.21					
8.65E-01	-237.152	1.39E+04	-244.702					
8.68E-01	-237.914	1.39E+04	-245.187					
8.70E-01	-238.66	1.39E+04	-245.664					
8.73E-01	-239.398	1.39E+04	-246.134					
8.75E-01	-240.125	1.39E+04	-246.595					
8.78E-01	-240.836	1.39E+04	-247.048					
8.80E-01	-241.535	1.39E+04	-247.493					
8.83E-01	-242.223	1.39E+04	-247.93					
8.85E-01	-242.895	1.39E+04	-248.359					
8.88E-01	-243.551	1.39E+04	-248.78					
8.90E-01	-244.191	1.39E+04	-249.192					
8.93E-01	-244.824	1.39E+04	-249.596					
8.95E-01	-245.445	1.39E+04	-249.992					
8.98E-01	-246.047	1.39E+04	-250.378					
9.00E-01	-246.633	1.39E+04	-250.757					
9.03E-01	-247.207	1.39E+04	-251.128					
9.05E-01	-247.77	1.39E+04	-251.489					
9.08E-01	-248.316	1.39E+04	-251.841					
9.10E-01	-248.852	1.39E+04	-252.185					
9.13E-01	-249.375	1.39E+04	-252.521					
9.15E-01	-249.883	1.39E+04	-252.847					
9.18E-01	-250.373	1.39E+04	-253.164					
9.20E-01	-250.848	1.39E+04	-253.472					
9.23E-01	-251.313	1.39E+04	-253.771					
9.25E-01	-251.764	1.39E+04	-254.063					
9.28E-01	-252.199	1.39E+04	-254.344					
9.30E-01	-252.619	1.39E+04	-254.615					
9.33E-01	-253.025	1.39E+04	-254.878					
9.35E-01	-253.418	1.39E+04	-255.132					
9.38E-01	-253.795	1.39E+04	-255.377					
9.40E-01	-254.156	1.39E+04	-255.611					
9.43E-01	-254.506	1.39E+04	-255.837					
9.45E-01	-254.844	1.39E+04	-256.054					
9.48E-01	-255.162	1.39E+04	-256.261					
9.50E-01	-255.465	1.39E+04	-256.459					
9.53E-01	-255.752	1.39E+04	-256.646					
9.55E-01	-256.027	1.39E+04	-256.825					
9.58E-01	-256.29	1.39E+04	-256.995					
9.60E-01	-256.535	1.39E+04	-257.154					
9.63E-01	-256.767	1.39E+04	-257.304					
9.65E-01	-256.981	1.39E+04	-257.445					
9.68E-01	-257.183	1.39E+04	-257.576					
9.70E-01	-257.37	1.39E+04	-257.697					
9.73E-01	-257.54	1.39E+04	-257.808					
9.75E-01	-257.697	1.39E+04	-257.91					
9.78E-01	-257.84	1.39E+04	-258.003					
9.80E-01	-257.966	1.39E+04	-258.085					
9.83E-01	-258.079	1.39E+04	-258.158					
9.85E-01	-258.175	1.39E+04	-258.222					
9.88E-01	-258.258	1.39E+04	-258.275					
9.90E-01	-258.326	1.39E+04	-258.319					
9.93E-01	-258.377	1.38E+04	-258.354					
9.95E-01	-258.415	1.42E+04	-258.38					
9.98E-01	-258.43	1.40E+04	-258.387					
1	-258.429	1.32E+04	-258.384					
