     1.000000    0.000000
     0.982051    0.002921
     0.964103    0.005647
     0.946154    0.008213
     0.928205    0.010649
     0.910256    0.012978
     0.892308    0.015221
     0.874359    0.017393
     0.856410    0.019508
     0.838462    0.021574
     0.820513    0.023598
     0.802564    0.025586
     0.784615    0.027539
     0.766667    0.029460
     0.748718    0.031347
     0.730769    0.033200
     0.712821    0.035016
     0.694872    0.036794
     0.676923    0.038530
     0.658974    0.040221
     0.641026    0.041863
     0.623077    0.043453
     0.605128    0.044988
     0.587179    0.046464
     0.569231    0.047878
     0.551282    0.049228
     0.533333    0.050511
     0.515385    0.051724
     0.497436    0.052865
     0.479487    0.053931
     0.461538    0.054920
     0.443590    0.055830
     0.425641    0.056658
     0.407692    0.057401
     0.389744    0.058056
     0.371795    0.058618
     0.353846    0.059083
     0.335897    0.059445
     0.317949    0.059697
     0.300000    0.059829
     0.298341    0.059835
     0.296682    0.059840
     0.295022    0.059844
     0.293363    0.059847
     0.291704    0.059848
     0.290045    0.059848
     0.288385    0.059847
     0.286726    0.059845
     0.285067    0.059842
     0.283408    0.059838
     0.281749    0.059832
     0.280089    0.059825
     0.278430    0.059817
     0.276771    0.059808
     0.275112    0.059798
     0.273453    0.059786
     0.271793    0.059773
     0.270134    0.059759
     0.268475    0.059743
     0.266816    0.059726
     0.265156    0.059708
     0.263497    0.059688
     0.261838    0.059667
     0.260179    0.059645
     0.258520    0.059622
     0.256860    0.059597
     0.255201    0.059570
     0.253542    0.059543
     0.251883    0.059513
     0.250223    0.059483
     0.248564    0.059451
     0.246905    0.059417
     0.245246    0.059382
     0.243587    0.059346
     0.241927    0.059308
     0.240268    0.059268
     0.238609    0.059227
     0.236950    0.059184
     0.235291    0.059140
     0.233631    0.059094
     0.231972    0.059047
     0.230313    0.058998
     0.228654    0.058947
     0.226994    0.058895
     0.225335    0.058841
     0.223676    0.058785
     0.222017    0.058728
     0.220358    0.058668
     0.218698    0.058607
     0.217039    0.058545
     0.215380    0.058480
     0.213721    0.058414
     0.212061    0.058345
     0.210402    0.058275
     0.208743    0.058203
     0.207084    0.058130
     0.205425    0.058054
     0.203765    0.057976
     0.202106    0.057896
     0.200447    0.057814
     0.198788    0.057731
     0.197128    0.057645
     0.195469    0.057557
     0.193810    0.057467
     0.192151    0.057375
     0.190492    0.057280
     0.188832    0.057184
     0.187173    0.057085
     0.185514    0.056984
     0.183855    0.056881
     0.182196    0.056775
     0.180536    0.056667
     0.178877    0.056557
     0.177218    0.056444
     0.175559    0.056329
     0.173899    0.056212
     0.172240    0.056092
     0.170581    0.055969
     0.168922    0.055844
     0.167263    0.055716
     0.165603    0.055586
     0.163944    0.055453
     0.162285    0.055317
     0.160626    0.055178
     0.158966    0.055037
     0.157307    0.054893
     0.155648    0.054746
     0.153989    0.054596
     0.152330    0.054443
     0.150670    0.054287
     0.149011    0.054128
     0.147352    0.053966
     0.145693    0.053801
     0.144034    0.053632
     0.142374    0.053461
     0.140715    0.053286
     0.139056    0.053108
     0.137397    0.052926
     0.135737    0.052741
     0.134078    0.052552
     0.132419    0.052360
     0.130760    0.052164
     0.129101    0.051964
     0.127441    0.051761
     0.125782    0.051554
     0.124123    0.051343
     0.122464    0.051128
     0.120804    0.050909
     0.119145    0.050686
     0.117486    0.050459
     0.115827    0.050227
     0.114168    0.049992
     0.112508    0.049751
     0.110849    0.049507
     0.109190    0.049258
     0.107531    0.049004
     0.105872    0.048745
     0.104212    0.048481
     0.102553    0.048213
     0.100894    0.047939
     0.099235    0.047660
     0.097575    0.047376
     0.095916    0.047087
     0.094257    0.046792
     0.092598    0.046491
     0.090939    0.046185
     0.089279    0.045873
     0.087620    0.045554
     0.085961    0.045230
     0.084302    0.044899
     0.082642    0.044561
     0.080983    0.044217
     0.079324    0.043866
     0.077665    0.043508
     0.076006    0.043143
     0.074346    0.042771
     0.072687    0.042390
     0.071028    0.042002
     0.069369    0.041606
     0.067709    0.041201
     0.066050    0.040788
     0.064391    0.040366
     0.062732    0.039935
     0.061073    0.039494
     0.059413    0.039043
     0.057754    0.038582
     0.056095    0.038110
     0.054436    0.037628
     0.052777    0.037134
     0.051117    0.036628
     0.049458    0.036109
     0.047799    0.035578
     0.046140    0.035033
     0.044480    0.034473
     0.042821    0.033899
     0.041162    0.033309
     0.039503    0.032702
     0.037844    0.032078
     0.036184    0.031435
     0.034525    0.030772
     0.032866    0.030088
     0.031207    0.029382
     0.029547    0.028651
     0.027888    0.027894
     0.026229    0.027108
     0.024570    0.026292
     0.022911    0.025442
     0.021251    0.024554
     0.019592    0.023625
     0.017933    0.022649
     0.016274    0.021620
     0.014615    0.020530
     0.012955    0.019368
     0.011296    0.018122
     0.009637    0.016772
     0.007978    0.015290
     0.006318    0.013634
     0.004659    0.011731
     0.003000    0.009432
     0.002667    0.008896
     0.002333    0.008325
     0.002000    0.007710
     0.001667    0.007041
     0.001333    0.006300
     0.001000    0.005458
     0.000667    0.004458
     0.000333    0.003154
     0.000000    0.000000
     0.000333    -0.003154
     0.000667    -0.004458
     0.001000    -0.005458
     0.001333    -0.006300
     0.001667    -0.007041
     0.002000    -0.007710
     0.002333    -0.008325
     0.002667    -0.008896
     0.003000    -0.009432
     0.004659    -0.011731
     0.006318    -0.013634
     0.007978    -0.015290
     0.009637    -0.016772
     0.011296    -0.018122
     0.012955    -0.019368
     0.014615    -0.020530
     0.016274    -0.021620
     0.017933    -0.022649
     0.019592    -0.023625
     0.021251    -0.024554
     0.022911    -0.025442
     0.024570    -0.026292
     0.026229    -0.027108
     0.027888    -0.027894
     0.029547    -0.028651
     0.031207    -0.029382
     0.032866    -0.030088
     0.034525    -0.030772
     0.036184    -0.031435
     0.037844    -0.032078
     0.039503    -0.032702
     0.041162    -0.033309
     0.042821    -0.033899
     0.044480    -0.034473
     0.046140    -0.035033
     0.047799    -0.035578
     0.049458    -0.036109
     0.051117    -0.036628
     0.052777    -0.037134
     0.054436    -0.037628
     0.056095    -0.038110
     0.057754    -0.038582
     0.059413    -0.039043
     0.061073    -0.039494
     0.062732    -0.039935
     0.064391    -0.040366
     0.066050    -0.040788
     0.067709    -0.041201
     0.069369    -0.041606
     0.071028    -0.042002
     0.072687    -0.042390
     0.074346    -0.042771
     0.076006    -0.043143
     0.077665    -0.043508
     0.079324    -0.043866
     0.080983    -0.044217
     0.082642    -0.044561
     0.084302    -0.044899
     0.085961    -0.045230
     0.087620    -0.045554
     0.089279    -0.045873
     0.090939    -0.046185
     0.092598    -0.046491
     0.094257    -0.046792
     0.095916    -0.047087
     0.097575    -0.047376
     0.099235    -0.047660
     0.100894    -0.047939
     0.102553    -0.048213
     0.104212    -0.048481
     0.105872    -0.048745
     0.107531    -0.049004
     0.109190    -0.049258
     0.110849    -0.049507
     0.112508    -0.049751
     0.114168    -0.049992
     0.115827    -0.050227
     0.117486    -0.050459
     0.119145    -0.050686
     0.120804    -0.050909
     0.122464    -0.051128
     0.124123    -0.051343
     0.125782    -0.051554
     0.127441    -0.051761
     0.129101    -0.051964
     0.130760    -0.052164
     0.132419    -0.052360
     0.134078    -0.052552
     0.135737    -0.052741
     0.137397    -0.052926
     0.139056    -0.053108
     0.140715    -0.053286
     0.142374    -0.053461
     0.144034    -0.053632
     0.145693    -0.053801
     0.147352    -0.053966
     0.149011    -0.054128
     0.150670    -0.054287
     0.152330    -0.054443
     0.153989    -0.054596
     0.155648    -0.054746
     0.157307    -0.054893
     0.158966    -0.055037
     0.160626    -0.055178
     0.162285    -0.055317
     0.163944    -0.055453
     0.165603    -0.055586
     0.167263    -0.055716
     0.168922    -0.055844
     0.170581    -0.055969
     0.172240    -0.056092
     0.173899    -0.056212
     0.175559    -0.056329
     0.177218    -0.056444
     0.178877    -0.056557
     0.180536    -0.056667
     0.182196    -0.056775
     0.183855    -0.056881
     0.185514    -0.056984
     0.187173    -0.057085
     0.188832    -0.057184
     0.190492    -0.057280
     0.192151    -0.057375
     0.193810    -0.057467
     0.195469    -0.057557
     0.197128    -0.057645
     0.198788    -0.057731
     0.200447    -0.057814
     0.202106    -0.057896
     0.203765    -0.057976
     0.205425    -0.058054
     0.207084    -0.058130
     0.208743    -0.058203
     0.210402    -0.058275
     0.212061    -0.058345
     0.213721    -0.058414
     0.215380    -0.058480
     0.217039    -0.058545
     0.218698    -0.058607
     0.220358    -0.058668
     0.222017    -0.058728
     0.223676    -0.058785
     0.225335    -0.058841
     0.226994    -0.058895
     0.228654    -0.058947
     0.230313    -0.058998
     0.231972    -0.059047
     0.233631    -0.059094
     0.235291    -0.059140
     0.236950    -0.059184
     0.238609    -0.059227
     0.240268    -0.059268
     0.241927    -0.059308
     0.243587    -0.059346
     0.245246    -0.059382
     0.246905    -0.059417
     0.248564    -0.059451
     0.250223    -0.059483
     0.251883    -0.059513
     0.253542    -0.059543
     0.255201    -0.059570
     0.256860    -0.059597
     0.258520    -0.059622
     0.260179    -0.059645
     0.261838    -0.059667
     0.263497    -0.059688
     0.265156    -0.059708
     0.266816    -0.059726
     0.268475    -0.059743
     0.270134    -0.059759
     0.271793    -0.059773
     0.273453    -0.059786
     0.275112    -0.059798
     0.276771    -0.059808
     0.278430    -0.059817
     0.280089    -0.059825
     0.281749    -0.059832
     0.283408    -0.059838
     0.285067    -0.059842
     0.286726    -0.059845
     0.288385    -0.059847
     0.290045    -0.059848
     0.291704    -0.059848
     0.293363    -0.059847
     0.295022    -0.059844
     0.296682    -0.059840
     0.298341    -0.059835
     0.300000    -0.059829
     0.317949    -0.059697
     0.335897    -0.059445
     0.353846    -0.059083
     0.371795    -0.058618
     0.389744    -0.058056
     0.407692    -0.057401
     0.425641    -0.056658
     0.443590    -0.055830
     0.461538    -0.054920
     0.479487    -0.053931
     0.497436    -0.052865
     0.515385    -0.051724
     0.533333    -0.050511
     0.551282    -0.049228
     0.569231    -0.047878
     0.587179    -0.046464
     0.605128    -0.044988
     0.623077    -0.043453
     0.641026    -0.041863
     0.658974    -0.040221
     0.676923    -0.038530
     0.694872    -0.036794
     0.712821    -0.035016
     0.730769    -0.033200
     0.748718    -0.031347
     0.766667    -0.029460
     0.784615    -0.027539
     0.802564    -0.025586
     0.820513    -0.023598
     0.838462    -0.021574
     0.856410    -0.019508
     0.874359    -0.017393
     0.892308    -0.015221
     0.910256    -0.012978
     0.928205    -0.010649
     0.946154    -0.008213
     0.964103    -0.005647
     0.982051    -0.002921
     1.000000    -0.000000
