     1.000000    0.000000
     0.982051    0.002413
     0.964103    0.004935
     0.946154    0.007552
     0.928205    0.010253
     0.910256    0.013025
     0.892308    0.015858
     0.874359    0.018744
     0.856410    0.021674
     0.838462    0.024641
     0.820513    0.027637
     0.802564    0.030656
     0.784615    0.033691
     0.766667    0.036738
     0.748718    0.039789
     0.730769    0.042839
     0.712821    0.045881
     0.694872    0.048910
     0.676923    0.051918
     0.658974    0.054899
     0.641026    0.057845
     0.623077    0.060747
     0.605128    0.063597
     0.587179    0.066386
     0.569231    0.069103
     0.551282    0.071737
     0.533333    0.074277
     0.515385    0.076709
     0.497436    0.079021
     0.479487    0.081197
     0.461538    0.083223
     0.443590    0.085082
     0.425641    0.086758
     0.407692    0.088232
     0.389744    0.089485
     0.371795    0.090499
     0.353846    0.091252
     0.335897    0.091724
     0.317949    0.091894
     0.300000    0.091740
     0.298341    0.091708
     0.296682    0.091674
     0.295022    0.091637
     0.293363    0.091596
     0.291704    0.091553
     0.290045    0.091506
     0.288385    0.091457
     0.286726    0.091404
     0.285067    0.091348
     0.283408    0.091289
     0.281749    0.091227
     0.280089    0.091162
     0.278430    0.091093
     0.276771    0.091022
     0.275112    0.090947
     0.273453    0.090869
     0.271793    0.090788
     0.270134    0.090703
     0.268475    0.090615
     0.266816    0.090524
     0.265156    0.090430
     0.263497    0.090332
     0.261838    0.090230
     0.260179    0.090126
     0.258520    0.090018
     0.256860    0.089906
     0.255201    0.089792
     0.253542    0.089673
     0.251883    0.089551
     0.250223    0.089426
     0.248564    0.089297
     0.246905    0.089165
     0.245246    0.089029
     0.243587    0.088890
     0.241927    0.088747
     0.240268    0.088600
     0.238609    0.088450
     0.236950    0.088296
     0.235291    0.088138
     0.233631    0.087977
     0.231972    0.087812
     0.230313    0.087644
     0.228654    0.087471
     0.226994    0.087295
     0.225335    0.087115
     0.223676    0.086931
     0.222017    0.086744
     0.220358    0.086553
     0.218698    0.086357
     0.217039    0.086158
     0.215380    0.085955
     0.213721    0.085748
     0.212061    0.085538
     0.210402    0.085323
     0.208743    0.085104
     0.207084    0.084881
     0.205425    0.084655
     0.203765    0.084424
     0.202106    0.084189
     0.200447    0.083950
     0.198788    0.083707
     0.197128    0.083460
     0.195469    0.083209
     0.193810    0.082954
     0.192151    0.082694
     0.190492    0.082430
     0.188832    0.082162
     0.187173    0.081890
     0.185514    0.081614
     0.183855    0.081333
     0.182196    0.081048
     0.180536    0.080759
     0.178877    0.080466
     0.177218    0.080168
     0.175559    0.079865
     0.173899    0.079559
     0.172240    0.079247
     0.170581    0.078932
     0.168922    0.078612
     0.167263    0.078287
     0.165603    0.077958
     0.163944    0.077625
     0.162285    0.077287
     0.160626    0.076944
     0.158966    0.076597
     0.157307    0.076245
     0.155648    0.075888
     0.153989    0.075527
     0.152330    0.075161
     0.150670    0.074790
     0.149011    0.074415
     0.147352    0.074035
     0.145693    0.073650
     0.144034    0.073260
     0.142374    0.072865
     0.140715    0.072466
     0.139056    0.072061
     0.137397    0.071652
     0.135737    0.071237
     0.134078    0.070818
     0.132419    0.070393
     0.130760    0.069964
     0.129101    0.069529
     0.127441    0.069089
     0.125782    0.068644
     0.124123    0.068194
     0.122464    0.067739
     0.120804    0.067278
     0.119145    0.066812
     0.117486    0.066341
     0.115827    0.065864
     0.114168    0.065382
     0.112508    0.064894
     0.110849    0.064401
     0.109190    0.063902
     0.107531    0.063398
     0.105872    0.062888
     0.104212    0.062372
     0.102553    0.061850
     0.100894    0.061323
     0.099235    0.060789
     0.097575    0.060250
     0.095916    0.059705
     0.094257    0.059153
     0.092598    0.058595
     0.090939    0.058032
     0.089279    0.057461
     0.087620    0.056885
     0.085961    0.056302
     0.084302    0.055712
     0.082642    0.055115
     0.080983    0.054512
     0.079324    0.053902
     0.077665    0.053285
     0.076006    0.052661
     0.074346    0.052029
     0.072687    0.051390
     0.071028    0.050744
     0.069369    0.050090
     0.067709    0.049428
     0.066050    0.048758
     0.064391    0.048079
     0.062732    0.047393
     0.061073    0.046697
     0.059413    0.045993
     0.057754    0.045279
     0.056095    0.044557
     0.054436    0.043824
     0.052777    0.043081
     0.051117    0.042328
     0.049458    0.041564
     0.047799    0.040789
     0.046140    0.040002
     0.044480    0.039203
     0.042821    0.038391
     0.041162    0.037566
     0.039503    0.036726
     0.037844    0.035872
     0.036184    0.035002
     0.034525    0.034116
     0.032866    0.033211
     0.031207    0.032287
     0.029547    0.031343
     0.027888    0.030377
     0.026229    0.029387
     0.024570    0.028370
     0.022911    0.027324
     0.021251    0.026246
     0.019592    0.025132
     0.017933    0.023978
     0.016274    0.022776
     0.014615    0.021521
     0.012955    0.020202
     0.011296    0.018807
     0.009637    0.017317
     0.007978    0.015705
     0.006318    0.013932
     0.004659    0.011924
     0.003000    0.009535
     0.002667    0.008984
     0.002333    0.008398
     0.002000    0.007769
     0.001667    0.007087
     0.001333    0.006335
     0.001000    0.005482
     0.000667    0.004473
     0.000333    0.003161
     0.000000    0.000000
     0.000333    -0.000175
     0.000667    -0.000230
     0.001000    -0.000260
     0.001333    -0.000275
     0.001667    -0.000279
     0.002000    -0.000275
     0.002333    -0.000264
     0.002667    -0.000247
     0.003000    -0.000225
     0.004659    -0.000051
     0.006318    0.000204
     0.007978    0.000521
     0.009637    0.000890
     0.011296    0.001302
     0.012955    0.001752
     0.014615    0.002235
     0.016274    0.002748
     0.017933    0.003288
     0.019592    0.003853
     0.021251    0.004439
     0.022911    0.005047
     0.024570    0.005672
     0.026229    0.006315
     0.027888    0.006974
     0.029547    0.007647
     0.031207    0.008334
     0.032866    0.009033
     0.034525    0.009743
     0.036184    0.010463
     0.037844    0.011193
     0.039503    0.011932
     0.041162    0.012679
     0.042821    0.013433
     0.044480    0.014194
     0.046140    0.014960
     0.047799    0.015732
     0.049458    0.016509
     0.051117    0.017291
     0.052777    0.018076
     0.054436    0.018865
     0.056095    0.019656
     0.057754    0.020450
     0.059413    0.021246
     0.061073    0.022044
     0.062732    0.022843
     0.064391    0.023642
     0.066050    0.024443
     0.067709    0.025244
     0.069369    0.026044
     0.071028    0.026845
     0.072687    0.027644
     0.074346    0.028443
     0.076006    0.029241
     0.077665    0.030037
     0.079324    0.030831
     0.080983    0.031624
     0.082642    0.032414
     0.084302    0.033202
     0.085961    0.033988
     0.087620    0.034770
     0.089279    0.035550
     0.090939    0.036326
     0.092598    0.037100
     0.094257    0.037869
     0.095916    0.038635
     0.097575    0.039397
     0.099235    0.040156
     0.100894    0.040910
     0.102553    0.041659
     0.104212    0.042405
     0.105872    0.043146
     0.107531    0.043882
     0.109190    0.044614
     0.110849    0.045340
     0.112508    0.046062
     0.114168    0.046778
     0.115827    0.047490
     0.117486    0.048196
     0.119145    0.048897
     0.120804    0.049592
     0.122464    0.050282
     0.124123    0.050966
     0.125782    0.051644
     0.127441    0.052317
     0.129101    0.052984
     0.130760    0.053645
     0.132419    0.054299
     0.134078    0.054948
     0.135737    0.055591
     0.137397    0.056228
     0.139056    0.056859
     0.140715    0.057483
     0.142374    0.058101
     0.144034    0.058713
     0.145693    0.059318
     0.147352    0.059917
     0.149011    0.060510
     0.150670    0.061096
     0.152330    0.061676
     0.153989    0.062249
     0.155648    0.062815
     0.157307    0.063375
     0.158966    0.063929
     0.160626    0.064476
     0.162285    0.065016
     0.163944    0.065550
     0.165603    0.066077
     0.167263    0.066597
     0.168922    0.067111
     0.170581    0.067618
     0.172240    0.068118
     0.173899    0.068612
     0.175559    0.069099
     0.177218    0.069580
     0.178877    0.070053
     0.180536    0.070521
     0.182196    0.070981
     0.183855    0.071435
     0.185514    0.071882
     0.187173    0.072322
     0.188832    0.072756
     0.190492    0.073183
     0.192151    0.073604
     0.193810    0.074018
     0.195469    0.074425
     0.197128    0.074826
     0.198788    0.075220
     0.200447    0.075608
     0.202106    0.075989
     0.203765    0.076363
     0.205425    0.076732
     0.207084    0.077093
     0.208743    0.077449
     0.210402    0.077797
     0.212061    0.078140
     0.213721    0.078476
     0.215380    0.078806
     0.217039    0.079129
     0.218698    0.079446
     0.220358    0.079757
     0.222017    0.080062
     0.223676    0.080360
     0.225335    0.080652
     0.226994    0.080938
     0.228654    0.081218
     0.230313    0.081492
     0.231972    0.081760
     0.233631    0.082022
     0.235291    0.082278
     0.236950    0.082528
     0.238609    0.082772
     0.240268    0.083010
     0.241927    0.083242
     0.243587    0.083468
     0.245246    0.083689
     0.246905    0.083904
     0.248564    0.084113
     0.250223    0.084317
     0.251883    0.084515
     0.253542    0.084707
     0.255201    0.084894
     0.256860    0.085075
     0.258520    0.085251
     0.260179    0.085422
     0.261838    0.085587
     0.263497    0.085746
     0.265156    0.085901
     0.266816    0.086050
     0.268475    0.086194
     0.270134    0.086333
     0.271793    0.086466
     0.273453    0.086595
     0.275112    0.086718
     0.276771    0.086837
     0.278430    0.086950
     0.280089    0.087059
     0.281749    0.087162
     0.283408    0.087261
     0.285067    0.087355
     0.286726    0.087444
     0.288385    0.087529
     0.290045    0.087609
     0.291704    0.087684
     0.293363    0.087754
     0.295022    0.087821
     0.296682    0.087882
     0.298341    0.087939
     0.300000    0.087992
     0.317949    0.088293
     0.335897    0.088137
     0.353846    0.087580
     0.371795    0.086674
     0.389744    0.085467
     0.407692    0.084005
     0.425641    0.082332
     0.443590    0.080484
     0.461538    0.078496
     0.479487    0.076395
     0.497436    0.074208
     0.515385    0.071953
     0.533333    0.069646
     0.551282    0.067298
     0.569231    0.064916
     0.587179    0.062503
     0.605128    0.060060
     0.623077    0.057585
     0.641026    0.055072
     0.658974    0.052516
     0.676923    0.049908
     0.694872    0.047241
     0.712821    0.044508
     0.730769    0.041701
     0.748718    0.038817
     0.766667    0.035853
     0.784615    0.032810
     0.802564    0.029696
     0.820513    0.026521
     0.838462    0.023304
     0.856410    0.020071
     0.874359    0.016854
     0.892308    0.013699
     0.910256    0.010659
     0.928205    0.007801
     0.946154    0.005204
     0.964103    0.002962
     0.982051    0.001186
     1.000000    0.000000
