     1.000000    0.000226
     0.982051    0.001656
     0.964103    0.003067
     0.946154    0.004451
     0.928205    0.005806
     0.910256    0.007127
     0.892308    0.008413
     0.874359    0.009660
     0.856410    0.010867
     0.838462    0.012033
     0.820513    0.013157
     0.802564    0.014240
     0.784615    0.015281
     0.766667    0.016281
     0.748718    0.017239
     0.730769    0.018158
     0.712821    0.019037
     0.694872    0.019877
     0.676923    0.020679
     0.658974    0.021445
     0.641026    0.022173
     0.623077    0.022866
     0.605128    0.023524
     0.587179    0.024146
     0.569231    0.024733
     0.551282    0.025284
     0.533333    0.025799
     0.515385    0.026276
     0.497436    0.026715
     0.479487    0.027114
     0.461538    0.027471
     0.443590    0.027783
     0.425641    0.028047
     0.407692    0.028261
     0.389744    0.028421
     0.371795    0.028523
     0.353846    0.028561
     0.335897    0.028532
     0.317949    0.028430
     0.300000    0.028249
     0.298341    0.028228
     0.296682    0.028206
     0.295022    0.028184
     0.293363    0.028161
     0.291704    0.028137
     0.290045    0.028113
     0.288385    0.028087
     0.286726    0.028061
     0.285067    0.028034
     0.283408    0.028006
     0.281749    0.027978
     0.280089    0.027949
     0.278430    0.027919
     0.276771    0.027888
     0.275112    0.027856
     0.273453    0.027824
     0.271793    0.027791
     0.270134    0.027757
     0.268475    0.027722
     0.266816    0.027686
     0.265156    0.027650
     0.263497    0.027613
     0.261838    0.027574
     0.260179    0.027535
     0.258520    0.027496
     0.256860    0.027455
     0.255201    0.027413
     0.253542    0.027371
     0.251883    0.027328
     0.250223    0.027283
     0.248564    0.027238
     0.246905    0.027192
     0.245246    0.027145
     0.243587    0.027098
     0.241927    0.027049
     0.240268    0.026999
     0.238609    0.026949
     0.236950    0.026897
     0.235291    0.026845
     0.233631    0.026792
     0.231972    0.026737
     0.230313    0.026682
     0.228654    0.026626
     0.226994    0.026569
     0.225335    0.026511
     0.223676    0.026451
     0.222017    0.026391
     0.220358    0.026330
     0.218698    0.026268
     0.217039    0.026205
     0.215380    0.026141
     0.213721    0.026076
     0.212061    0.026010
     0.210402    0.025942
     0.208743    0.025874
     0.207084    0.025805
     0.205425    0.025735
     0.203765    0.025663
     0.202106    0.025591
     0.200447    0.025517
     0.198788    0.025443
     0.197128    0.025367
     0.195469    0.025290
     0.193810    0.025212
     0.192151    0.025133
     0.190492    0.025053
     0.188832    0.024972
     0.187173    0.024889
     0.185514    0.024806
     0.183855    0.024721
     0.182196    0.024635
     0.180536    0.024548
     0.178877    0.024460
     0.177218    0.024371
     0.175559    0.024280
     0.173899    0.024189
     0.172240    0.024096
     0.170581    0.024002
     0.168922    0.023906
     0.167263    0.023810
     0.165603    0.023712
     0.163944    0.023613
     0.162285    0.023512
     0.160626    0.023411
     0.158966    0.023308
     0.157307    0.023204
     0.155648    0.023098
     0.153989    0.022992
     0.152330    0.022884
     0.150670    0.022774
     0.149011    0.022664
     0.147352    0.022552
     0.145693    0.022438
     0.144034    0.022323
     0.142374    0.022207
     0.140715    0.022090
     0.139056    0.021971
     0.137397    0.021850
     0.135737    0.021729
     0.134078    0.021605
     0.132419    0.021481
     0.130760    0.021355
     0.129101    0.021227
     0.127441    0.021098
     0.125782    0.020968
     0.124123    0.020836
     0.122464    0.020702
     0.120804    0.020567
     0.119145    0.020430
     0.117486    0.020292
     0.115827    0.020152
     0.114168    0.020011
     0.112508    0.019868
     0.110849    0.019723
     0.109190    0.019576
     0.107531    0.019428
     0.105872    0.019279
     0.104212    0.019127
     0.102553    0.018974
     0.100894    0.018819
     0.099235    0.018662
     0.097575    0.018504
     0.095916    0.018343
     0.094257    0.018181
     0.092598    0.018017
     0.090939    0.017851
     0.089279    0.017683
     0.087620    0.017513
     0.085961    0.017341
     0.084302    0.017167
     0.082642    0.016991
     0.080983    0.016813
     0.079324    0.016632
     0.077665    0.016450
     0.076006    0.016265
     0.074346    0.016078
     0.072687    0.015889
     0.071028    0.015697
     0.069369    0.015503
     0.067709    0.015306
     0.066050    0.015107
     0.064391    0.014905
     0.062732    0.014700
     0.061073    0.014493
     0.059413    0.014282
     0.057754    0.014069
     0.056095    0.013853
     0.054436    0.013633
     0.052777    0.013411
     0.051117    0.013184
     0.049458    0.012955
     0.047799    0.012721
     0.046140    0.012484
     0.044480    0.012243
     0.042821    0.011998
     0.041162    0.011748
     0.039503    0.011494
     0.037844    0.011234
     0.036184    0.010970
     0.034525    0.010700
     0.032866    0.010424
     0.031207    0.010142
     0.029547    0.009853
     0.027888    0.009557
     0.026229    0.009253
     0.024570    0.008940
     0.022911    0.008618
     0.021251    0.008285
     0.019592    0.007940
     0.017933    0.007582
     0.016274    0.007208
     0.014615    0.006817
     0.012955    0.006405
     0.011296    0.005968
     0.009637    0.005500
     0.007978    0.004993
     0.006318    0.004434
     0.004659    0.003798
     0.003000    0.003040
     0.002667    0.002865
     0.002333    0.002679
     0.002000    0.002479
     0.001667    0.002262
     0.001333    0.002022
     0.001000    0.001750
     0.000667    0.001428
     0.000333    0.001009
     0.000000    0.000000
     0.000333    -0.001009
     0.000667    -0.001428
     0.001000    -0.001749
     0.001333    -0.002021
     0.001667    -0.002261
     0.002000    -0.002478
     0.002333    -0.002678
     0.002667    -0.002864
     0.003000    -0.003039
     0.004659    -0.003797
     0.006318    -0.004432
     0.007978    -0.004992
     0.009637    -0.005498
     0.011296    -0.005966
     0.012955    -0.006403
     0.014615    -0.006815
     0.016274    -0.007206
     0.017933    -0.007579
     0.019592    -0.007938
     0.021251    -0.008282
     0.022911    -0.008615
     0.024570    -0.008938
     0.026229    -0.009251
     0.027888    -0.009555
     0.029547    -0.009851
     0.031207    -0.010140
     0.032866    -0.010422
     0.034525    -0.010698
     0.036184    -0.010968
     0.037844    -0.011232
     0.039503    -0.011492
     0.041162    -0.011746
     0.042821    -0.011996
     0.044480    -0.012241
     0.046140    -0.012483
     0.047799    -0.012720
     0.049458    -0.012953
     0.051117    -0.013183
     0.052777    -0.013409
     0.054436    -0.013632
     0.056095    -0.013851
     0.057754    -0.014068
     0.059413    -0.014281
     0.061073    -0.014492
     0.062732    -0.014699
     0.064391    -0.014904
     0.066050    -0.015106
     0.067709    -0.015305
     0.069369    -0.015502
     0.071028    -0.015696
     0.072687    -0.015888
     0.074346    -0.016078
     0.076006    -0.016265
     0.077665    -0.016450
     0.079324    -0.016632
     0.080983    -0.016813
     0.082642    -0.016991
     0.084302    -0.017167
     0.085961    -0.017341
     0.087620    -0.017513
     0.089279    -0.017683
     0.090939    -0.017851
     0.092598    -0.018017
     0.094257    -0.018182
     0.095916    -0.018344
     0.097575    -0.018504
     0.099235    -0.018663
     0.100894    -0.018820
     0.102553    -0.018975
     0.104212    -0.019128
     0.105872    -0.019279
     0.107531    -0.019429
     0.109190    -0.019577
     0.110849    -0.019724
     0.112508    -0.019869
     0.114168    -0.020012
     0.115827    -0.020153
     0.117486    -0.020293
     0.119145    -0.020431
     0.120804    -0.020568
     0.122464    -0.020703
     0.124123    -0.020837
     0.125782    -0.020969
     0.127441    -0.021100
     0.129101    -0.021229
     0.130760    -0.021356
     0.132419    -0.021482
     0.134078    -0.021607
     0.135737    -0.021730
     0.137397    -0.021852
     0.139056    -0.021972
     0.140715    -0.022091
     0.142374    -0.022209
     0.144034    -0.022325
     0.145693    -0.022440
     0.147352    -0.022553
     0.149011    -0.022665
     0.150670    -0.022776
     0.152330    -0.022886
     0.153989    -0.022994
     0.155648    -0.023100
     0.157307    -0.023206
     0.158966    -0.023310
     0.160626    -0.023413
     0.162285    -0.023515
     0.163944    -0.023615
     0.165603    -0.023714
     0.167263    -0.023812
     0.168922    -0.023908
     0.170581    -0.024004
     0.172240    -0.024098
     0.173899    -0.024191
     0.175559    -0.024283
     0.177218    -0.024373
     0.178877    -0.024462
     0.180536    -0.024551
     0.182196    -0.024638
     0.183855    -0.024723
     0.185514    -0.024808
     0.187173    -0.024892
     0.188832    -0.024974
     0.190492    -0.025055
     0.192151    -0.025135
     0.193810    -0.025214
     0.195469    -0.025292
     0.197128    -0.025369
     0.198788    -0.025445
     0.200447    -0.025519
     0.202106    -0.025593
     0.203765    -0.025665
     0.205425    -0.025737
     0.207084    -0.025807
     0.208743    -0.025876
     0.210402    -0.025944
     0.212061    -0.026012
     0.213721    -0.026078
     0.215380    -0.026143
     0.217039    -0.026207
     0.218698    -0.026270
     0.220358    -0.026332
     0.222017    -0.026393
     0.223676    -0.026453
     0.225335    -0.026512
     0.226994    -0.026570
     0.228654    -0.026628
     0.230313    -0.026684
     0.231972    -0.026739
     0.233631    -0.026793
     0.235291    -0.026847
     0.236950    -0.026899
     0.238609    -0.026950
     0.240268    -0.027001
     0.241927    -0.027050
     0.243587    -0.027099
     0.245246    -0.027147
     0.246905    -0.027194
     0.248564    -0.027240
     0.250223    -0.027285
     0.251883    -0.027329
     0.253542    -0.027372
     0.255201    -0.027415
     0.256860    -0.027456
     0.258520    -0.027497
     0.260179    -0.027537
     0.261838    -0.027575
     0.263497    -0.027614
     0.265156    -0.027651
     0.266816    -0.027687
     0.268475    -0.027723
     0.270134    -0.027758
     0.271793    -0.027792
     0.273453    -0.027825
     0.275112    -0.027857
     0.276771    -0.027889
     0.278430    -0.027919
     0.280089    -0.027949
     0.281749    -0.027979
     0.283408    -0.028007
     0.285067    -0.028035
     0.286726    -0.028061
     0.288385    -0.028087
     0.290045    -0.028113
     0.291704    -0.028137
     0.293363    -0.028161
     0.295022    -0.028184
     0.296682    -0.028207
     0.298341    -0.028228
     0.300000    -0.028249
     0.317949    -0.028429
     0.335897    -0.028531
     0.353846    -0.028560
     0.371795    -0.028521
     0.389744    -0.028419
     0.407692    -0.028259
     0.425641    -0.028045
     0.443590    -0.027780
     0.461538    -0.027468
     0.479487    -0.027111
     0.497436    -0.026712
     0.515385    -0.026274
     0.533333    -0.025796
     0.551282    -0.025282
     0.569231    -0.024731
     0.587179    -0.024145
     0.605128    -0.023523
     0.623077    -0.022866
     0.641026    -0.022174
     0.658974    -0.021446
     0.676923    -0.020681
     0.694872    -0.019879
     0.712821    -0.019040
     0.730769    -0.018161
     0.748718    -0.017243
     0.766667    -0.016285
     0.784615    -0.015285
     0.802564    -0.014244
     0.820513    -0.013161
     0.838462    -0.012037
     0.856410    -0.010870
     0.874359    -0.009662
     0.892308    -0.008415
     0.910256    -0.007129
     0.928205    -0.005806
     0.946154    -0.004451
     0.964103    -0.003065
     0.982051    -0.001653
     1.000000    -0.000221
