     1.000000    0.000000
     0.982051    0.001633
     0.964103    0.003453
     0.946154    0.005438
     0.928205    0.007568
     0.910256    0.009827
     0.892308    0.012199
     0.874359    0.014669
     0.856410    0.017226
     0.838462    0.019858
     0.820513    0.022553
     0.802564    0.025303
     0.784615    0.028098
     0.766667    0.030931
     0.748718    0.033792
     0.730769    0.036674
     0.712821    0.039569
     0.694872    0.042470
     0.676923    0.045370
     0.658974    0.048259
     0.641026    0.051130
     0.623077    0.053975
     0.605128    0.056784
     0.587179    0.059547
     0.569231    0.062254
     0.551282    0.064894
     0.533333    0.067455
     0.515385    0.069925
     0.497436    0.072289
     0.479487    0.074534
     0.461538    0.076645
     0.443590    0.078604
     0.425641    0.080395
     0.407692    0.082000
     0.389744    0.083400
     0.371795    0.084575
     0.353846    0.085505
     0.335897    0.086168
     0.317949    0.086542
     0.300000    0.086605
     0.298341    0.086595
     0.296682    0.086581
     0.295022    0.086565
     0.293363    0.086545
     0.291704    0.086523
     0.290045    0.086498
     0.288385    0.086470
     0.286726    0.086438
     0.285067    0.086404
     0.283408    0.086367
     0.281749    0.086327
     0.280089    0.086283
     0.278430    0.086237
     0.276771    0.086188
     0.275112    0.086135
     0.273453    0.086079
     0.271793    0.086020
     0.270134    0.085958
     0.268475    0.085893
     0.266816    0.085824
     0.265156    0.085753
     0.263497    0.085677
     0.261838    0.085599
     0.260179    0.085518
     0.258520    0.085433
     0.256860    0.085345
     0.255201    0.085253
     0.253542    0.085158
     0.251883    0.085060
     0.250223    0.084958
     0.248564    0.084853
     0.246905    0.084744
     0.245246    0.084632
     0.243587    0.084517
     0.241927    0.084398
     0.240268    0.084275
     0.238609    0.084149
     0.236950    0.084019
     0.235291    0.083886
     0.233631    0.083749
     0.231972    0.083608
     0.230313    0.083464
     0.228654    0.083317
     0.226994    0.083165
     0.225335    0.083010
     0.223676    0.082851
     0.222017    0.082688
     0.220358    0.082522
     0.218698    0.082352
     0.217039    0.082178
     0.215380    0.082000
     0.213721    0.081818
     0.212061    0.081632
     0.210402    0.081443
     0.208743    0.081250
     0.207084    0.081052
     0.205425    0.080851
     0.203765    0.080646
     0.202106    0.080437
     0.200447    0.080224
     0.198788    0.080006
     0.197128    0.079785
     0.195469    0.079560
     0.193810    0.079330
     0.192151    0.079097
     0.190492    0.078859
     0.188832    0.078617
     0.187173    0.078371
     0.185514    0.078121
     0.183855    0.077867
     0.182196    0.077608
     0.180536    0.077345
     0.178877    0.077078
     0.177218    0.076806
     0.175559    0.076530
     0.173899    0.076250
     0.172240    0.075966
     0.170581    0.075676
     0.168922    0.075383
     0.167263    0.075085
     0.165603    0.074783
     0.163944    0.074476
     0.162285    0.074165
     0.160626    0.073849
     0.158966    0.073528
     0.157307    0.073203
     0.155648    0.072873
     0.153989    0.072539
     0.152330    0.072200
     0.150670    0.071856
     0.149011    0.071508
     0.147352    0.071155
     0.145693    0.070797
     0.144034    0.070434
     0.142374    0.070066
     0.140715    0.069694
     0.139056    0.069316
     0.137397    0.068934
     0.135737    0.068547
     0.134078    0.068154
     0.132419    0.067757
     0.130760    0.067355
     0.129101    0.066947
     0.127441    0.066535
     0.125782    0.066117
     0.124123    0.065694
     0.122464    0.065266
     0.120804    0.064833
     0.119145    0.064394
     0.117486    0.063950
     0.115827    0.063501
     0.114168    0.063046
     0.112508    0.062585
     0.110849    0.062120
     0.109190    0.061648
     0.107531    0.061171
     0.105872    0.060688
     0.104212    0.060200
     0.102553    0.059706
     0.100894    0.059206
     0.099235    0.058700
     0.097575    0.058188
     0.095916    0.057670
     0.094257    0.057146
     0.092598    0.056616
     0.090939    0.056079
     0.089279    0.055537
     0.087620    0.054988
     0.085961    0.054432
     0.084302    0.053870
     0.082642    0.053301
     0.080983    0.052725
     0.079324    0.052143
     0.077665    0.051554
     0.076006    0.050957
     0.074346    0.050353
     0.072687    0.049742
     0.071028    0.049123
     0.069369    0.048497
     0.067709    0.047863
     0.066050    0.047220
     0.064391    0.046570
     0.062732    0.045911
     0.061073    0.045244
     0.059413    0.044567
     0.057754    0.043882
     0.056095    0.043187
     0.054436    0.042483
     0.052777    0.041768
     0.051117    0.041044
     0.049458    0.040308
     0.047799    0.039562
     0.046140    0.038804
     0.044480    0.038033
     0.042821    0.037251
     0.041162    0.036455
     0.039503    0.035645
     0.037844    0.034820
     0.036184    0.033980
     0.034525    0.033123
     0.032866    0.032249
     0.031207    0.031356
     0.029547    0.030443
     0.027888    0.029508
     0.026229    0.028549
     0.024570    0.027565
     0.022911    0.026552
     0.021251    0.025507
     0.019592    0.024427
     0.017933    0.023308
     0.016274    0.022143
     0.014615    0.020925
     0.012955    0.019645
     0.011296    0.018290
     0.009637    0.016842
     0.007978    0.015277
     0.006318    0.013553
     0.004659    0.011601
     0.003000    0.009278
     0.002667    0.008741
     0.002333    0.008171
     0.002000    0.007560
     0.001667    0.006897
     0.001333    0.006164
     0.001000    0.005335
     0.000667    0.004353
     0.000333    0.003076
     0.000000    0.000000
     0.000333    0.000011
     0.000667    0.000030
     0.001000    0.000055
     0.001333    0.000084
     0.001667    0.000118
     0.002000    0.000155
     0.002333    0.000194
     0.002667    0.000237
     0.003000    0.000283
     0.004659    0.000543
     0.006318    0.000852
     0.007978    0.001201
     0.009637    0.001584
     0.011296    0.001996
     0.012955    0.002435
     0.014615    0.002898
     0.016274    0.003381
     0.017933    0.003885
     0.019592    0.004406
     0.021251    0.004943
     0.022911    0.005495
     0.024570    0.006061
     0.026229    0.006639
     0.027888    0.007228
     0.029547    0.007828
     0.031207    0.008438
     0.032866    0.009057
     0.034525    0.009684
     0.036184    0.010318
     0.037844    0.010960
     0.039503    0.011607
     0.041162    0.012260
     0.042821    0.012918
     0.044480    0.013581
     0.046140    0.014248
     0.047799    0.014918
     0.049458    0.015592
     0.051117    0.016269
     0.052777    0.016948
     0.054436    0.017629
     0.056095    0.018311
     0.057754    0.018995
     0.059413    0.019680
     0.061073    0.020366
     0.062732    0.021052
     0.064391    0.021739
     0.066050    0.022425
     0.067709    0.023111
     0.069369    0.023796
     0.071028    0.024480
     0.072687    0.025163
     0.074346    0.025845
     0.076006    0.026525
     0.077665    0.027204
     0.079324    0.027881
     0.080983    0.028555
     0.082642    0.029227
     0.084302    0.029897
     0.085961    0.030564
     0.087620    0.031229
     0.089279    0.031890
     0.090939    0.032548
     0.092598    0.033204
     0.094257    0.033855
     0.095916    0.034504
     0.097575    0.035148
     0.099235    0.035789
     0.100894    0.036427
     0.102553    0.037060
     0.104212    0.037689
     0.105872    0.038314
     0.107531    0.038935
     0.109190    0.039551
     0.110849    0.040163
     0.112508    0.040771
     0.114168    0.041374
     0.115827    0.041972
     0.117486    0.042566
     0.119145    0.043154
     0.120804    0.043738
     0.122464    0.044317
     0.124123    0.044891
     0.125782    0.045460
     0.127441    0.046024
     0.129101    0.046583
     0.130760    0.047137
     0.132419    0.047685
     0.134078    0.048228
     0.135737    0.048766
     0.137397    0.049298
     0.139056    0.049825
     0.140715    0.050347
     0.142374    0.050863
     0.144034    0.051374
     0.145693    0.051879
     0.147352    0.052378
     0.149011    0.052872
     0.150670    0.053361
     0.152330    0.053844
     0.153989    0.054321
     0.155648    0.054793
     0.157307    0.055259
     0.158966    0.055719
     0.160626    0.056174
     0.162285    0.056623
     0.163944    0.057066
     0.165603    0.057504
     0.167263    0.057936
     0.168922    0.058362
     0.170581    0.058782
     0.172240    0.059197
     0.173899    0.059607
     0.175559    0.060010
     0.177218    0.060408
     0.178877    0.060800
     0.180536    0.061187
     0.182196    0.061568
     0.183855    0.061943
     0.185514    0.062312
     0.187173    0.062676
     0.188832    0.063034
     0.190492    0.063387
     0.192151    0.063734
     0.193810    0.064076
     0.195469    0.064412
     0.197128    0.064742
     0.198788    0.065067
     0.200447    0.065386
     0.202106    0.065700
     0.203765    0.066009
     0.205425    0.066312
     0.207084    0.066609
     0.208743    0.066901
     0.210402    0.067188
     0.212061    0.067469
     0.213721    0.067745
     0.215380    0.068016
     0.217039    0.068282
     0.218698    0.068542
     0.220358    0.068797
     0.222017    0.069046
     0.223676    0.069291
     0.225335    0.069530
     0.226994    0.069765
     0.228654    0.069994
     0.230313    0.070218
     0.231972    0.070437
     0.233631    0.070651
     0.235291    0.070860
     0.236950    0.071064
     0.238609    0.071264
     0.240268    0.071458
     0.241927    0.071648
     0.243587    0.071832
     0.245246    0.072012
     0.246905    0.072188
     0.248564    0.072358
     0.250223    0.072524
     0.251883    0.072685
     0.253542    0.072842
     0.255201    0.072994
     0.256860    0.073141
     0.258520    0.073284
     0.260179    0.073423
     0.261838    0.073557
     0.263497    0.073686
     0.265156    0.073812
     0.266816    0.073933
     0.268475    0.074049
     0.270134    0.074162
     0.271793    0.074270
     0.273453    0.074374
     0.275112    0.074474
     0.276771    0.074570
     0.278430    0.074661
     0.280089    0.074749
     0.281749    0.074833
     0.283408    0.074912
     0.285067    0.074988
     0.286726    0.075060
     0.288385    0.075128
     0.290045    0.075192
     0.291704    0.075253
     0.293363    0.075310
     0.295022    0.075363
     0.296682    0.075412
     0.298341    0.075458
     0.300000    0.075500
     0.317949    0.075737
     0.335897    0.075606
     0.353846    0.075152
     0.371795    0.074417
     0.389744    0.073441
     0.407692    0.072261
     0.425641    0.070911
     0.443590    0.069418
     0.461538    0.067809
     0.479487    0.066103
     0.497436    0.064318
     0.515385    0.062466
     0.533333    0.060556
     0.551282    0.058594
     0.569231    0.056582
     0.587179    0.054519
     0.605128    0.052403
     0.623077    0.050230
     0.641026    0.047992
     0.658974    0.045684
     0.676923    0.043299
     0.694872    0.040830
     0.712821    0.038273
     0.730769    0.035625
     0.748718    0.032887
     0.766667    0.030061
     0.784615    0.027158
     0.802564    0.024191
     0.820513    0.021180
     0.838462    0.018155
     0.856410    0.015151
     0.874359    0.012216
     0.892308    0.009406
     0.910256    0.006790
     0.928205    0.004450
     0.946154    0.002481
     0.964103    0.000995
     0.982051    0.000120
     1.000000    -0.000000
